680341 680341 680341 680341 680341 680341 680341 680341 680341 680341 680341 680341 680341 680341 680341 758951 758951 758951 758951 758951 758951 758951 758951 758951 758951 758951 758951 758951 758951 758951 0.621566 0.621566 0.621566 0.621566 0.621566 0.621566 0.621566 0.621566 0.621566 0.621566 0.621566 0.621566 0.621566 0.621566 0.621566 0.446114 0.446114 0.446114 0.446114 0.446114 0.446114 0.446114 0.446114 0.446114 0.446114 0.446114 0.446114 0.446114 0.446114 0.446114 
905357 905357 905357 905357 905357 905357 905357 905357 905357 905357 905357 905357 905357 905357 905357 979850 979850 979850 979850 979850 979850 979850 979850 979850 979850 979850 979850 979850 979850 979850 0.469435 0.469435 0.469435 0.469435 0.469435 0.469435 0.469435 0.469435 0.469435 0.469435 0.469435 0.469435 0.469435 0.469435 0.469435 0.30556 0.30556 0.30556 0.30556 0.30556 0.30556 0.30556 0.30556 0.30556 0.30556 0.30556 0.30556 0.30556 0.30556 0.30556 404799 404799 404799 404799 404799 404799 404799 404799 404799 404799 404799 404799 404799 404799 404799 80586.9 80586.9 80586.9 80586.9 80586.9 80586.9 80586.9 80586.9 80586.9 80586.9 80586.9 80586.9 80586.9 80586.9 80586.9 0.369958 0.369958 0.369958 0.369958 0.369958 0.369958 0.369958 0.369958 0.369958 0.369958 0.369958 0.369958 0.369958 0.369958 0.369958 0.311659 0.311659 0.311659 0.311659 0.311659 0.311659 0.311659 0.311659 0.311659 0.311659 0.311659 0.311659 0.311659 0.311659 0.311659 

4901 354901 354901 354901 354901 354901 354901 354901 354901 354901 354901 354901 354901 354901 354901 831674 831674 831674 831674 831674 831674 831674 831674 831674 831674 831674 831674 831674 831674 831674 0.542632 0.542632 0.542632 0.542632 0.542632 0.542632 0.542632 0.542632 0.542632 0.542632 0.542632 0.542632 0.542632 0.542632 0.542632 0.524862 0.524862 0.524862 0.524862 0.524862 0.524862 0.524862 0.524862 0.524862 0.524862 0.524862 0.524862 0.524862 0.524862 0.524862 
153548 153548 153548 153548 153548 153548 153548 153548 153548 153548 153548 153548 153548 153548 153548 261221 261221 261221 261221 261221 261221 261221 261221 261221 261221 261221 261221 261221 261221 261221 0.670359 0.670359 0.670359 0.670359 0.670359 0.670359 0.670359 0.670359 0.670359 0.670359 0.670359 0.670359 0.670359 0.670359 0.670359 0.377141 0.377141 0.377141 0.377141 0.377141 0.377141 0.377141 0.377141 0.377141 0.377141 0.377141 0.377141 0.377141 0.377141 0.377141 
869946 869946 869946 869946 869946 869946 869946 869946 869946 869946 869946 869946 869946 869946 869946 581806 581806 581806 581806 581806 581806 581806 581806 581806 581806 581806 581806 581806 581806 581806 0.52493 0.52493 0.52493 0.52493 0.52493 0.52493 0.52493 0.52493 0.52493 0.52493 0.52493 0.52493 0.52493 0.52493 0.52493 0.322477 0.322477 0.322477 0.322477 0.322477 0.322477 0.322477 0.322477 0.322477 0.322477 0.322477 0.322477 0.322477 0.322477 0.322477 
200612 200612 200612 200612 200612 200612 200612 200612 200612 200612 200612 200612 200612 200612 200612 254828 254828 254828 254828 254828 254828 254828 254828 254828 254828 254828 254828 254828 254828 254828 0.558022 0.558022 0.558022 0.558022 0.558022 0.558022 0.558022 0.558022 0.558022 0.558022 0.558022 0.558022 0.558022 0.558022 0.558022 0.486644 0.486644 0.486644 0.486644 0.486644 0.486644 0.486644 0.486644 0.486644 0.486644 0.486644 0.486644 0.486644 0.486644 0.486644 
314547 314547 314547 314547 314547 314547 314547 314547 314547 314547 314547 314547 314547 314547 314547 923763 923763 923763 923763 923763 923763 923763 923763 923763 923763 923763 923763 923763 923763 923763 0.465104 0.465104 0.465104 0.465104 0.465104 0.465104 0.465104 0.465104 0.465104 0.465104 0.465104 0.465104 0.465104 0.465104 0.465104 0.342408 0.342408 0.342408 0.342408 0.342408 0.342408 0.342408 0.342408 0.342408 0.342408 0.342408 0.342408 0.342408 0.342408 0.342408 
891449 891449 891449 891449 891449 891449 891449 891449 891449 891449 891449 891449 891449 891449 891449 959495 959495 959495 959495 959495 959495 959495 959495 959495 959495 959495 959495 959495 959495 959495 0.523608 0.523608 0.523608 0.523608 0.523608 0.523608 0.523608 0.523608 0.523608 0.523608 0.523608 0.523608 0.523608 0.523608 0.523608 0.319312 0.319312 0.319312 0.319312 0.319312 0.319312 0.319312 0.319312 0.319312 0.319312 0.319312 0.319312 0.319312 0.319312 0.319312 
815213 815213 815213 815213 815213 815213 815213 815213 815213 815213 815213 815213 815213 815213 815213 247307 247307 247307 247307 247307 247307 247307 247307 247307 247307 247307 247307 247307 247307 247307 0.714632 0.714632 0.714632 0.714632 0.714632 0.714632 0.714632 0.714632 0.714632 0.714632 0.714632 0.714632 0.714632 0.714632 0.714632 0.424992 0.424992 0.424992 0.424992 0.424992 0.424992 0.424992 0.424992 0.424992 0.424992 0.424992 0.424992 0.424992 0.424992 0.424992 
185938 185938 185938 185938 185938 185938 185938 185938 185938 185938 185938 185938 185938 185938 185938 267484 267484 267484 267484 267484 267484 267484 267484 267484 267484 267484 267484 267484 267484 267484 0.322769 0.322769 0.322769 0.322769 0.322769 0.322769 0.322769 0.322769 0.322769 0.322769 0.322769 0.322769 0.322769 0.322769 0.322769 0.318034 0.318034 0.318034 0.318034 0.318034 0.318034 0.318034 0.318034 0.318034 0.318034 0.318034 0.318034 0.318034 0.318034 0.318034 
353973 353973 353973 353973 353973 353973 353973 353973 353973 353973 353973 353973 353973 353973 353973 939307 939307 939307 939307 939307 939307 939307 939307 939307 939307 939307 939307 939307 939307 939307 0.687971 0.687971 0.687971 0.687971 0.687971 0.687971 0.687971 0.687971 0.687971 0.687971 0.687971 0.687971 0.687971 0.687971 0.687971 0.525078 0.525078 0.525078 0.525078 0.525078 0.525078 0.525078 0.525078 0.525078 0.525078 0.525078 0.525078 0.525078 0.525078 0.525078 
959945 959945 959945 959945 959945 959945 959945 959945 959945 959945 959945 959945 959945 959945 959945 343684 343684 343684 343684 343684 343684 343684 343684 343684 343684 343684 343684 343684 343684 343684 0.542634 0.542634 0.542634 0.542634 0.542634 0.542634 0.542634 0.542634 0.542634 0.542634 0.542634 0.542634 0.542634 0.542634 0.542634 0.361906 0.361906 0.361906 0.361906 0.361906 0.361906 0.361906 0.361906 0.361906 0.361906 0.361906 0.361906 0.361906 0.361906 0.361906 
984476 984476 984476 984476 984476 984476 984476 984476 984476 984476 984476 984476 984476 984476 984476 859644 859644 859644 859644 859644 859644 859644 859644 859644 859644 859644 859644 859644 859644 859644 0.642779 0.642779 0.642779 0.642779 0.642779 0.642779 0.642779 0.642779 0.642779 0.642779 0.642779 0.642779 0.642779 0.642779 0.642779 0.506689 0.506689 0.506689 0.506689 0.506689 0.506689 0.506689 0.506689 0.506689 0.506689 0.506689 0.506689 0.506689 0.506689 0.506689 
690768 690768 690768 690768 690768 690768 690768 690768 690768 690768 690768 690768 690768 690768 690768 749411 749411 749411 749411 749411 749411 749411 749411 749411 749411 749411 749411 749411 749411 749411 0.475271 0.475271 0.475271 0.475271 0.475271 0.475271 0.475271 0.475271 0.475271 0.475271 0.475271 0.475271 0.475271 0.475271 0.475271 0.291911 0.291911 0.291911 0.291911 0.291911 0.291911 0.291911 0.291911 0.291911 0.291911 0.291911 0.291911 0.291911 0.291911 0.291911 
425771 425771 425771 425771 425771 425771 425771 425771 425771 425771 425771 425771 425771 425771 425771 98758.2 98758.2 98758.2 98758.2 98758.2 98758.2 98758.2 98758.2 98758.2 98758.2 98758.2 98758.2 98758.2 98758.2 98758.2 0.549262 0.549262 0.549262 0.549262 0.549262 0.549262 0.549262 0.549262 0.549262 0.549262 0.549262 0.549262 0.549262 0.549262 0.549262 0.485462 0.485462 0.485462 0.485462 0.485462 0.485462 0.485462 0.485462 0.485462 0.485462 0.485462 0.485462 0.485462 0.485462 0.485462 
646097 646097 646097 646097 646097 646097 646097 646097 646097 646097 646097 646097 646097 646097 646097 381716 381716 381716 381716 381716 381716 381716 381716 381716 381716 381716 381716 381716 381716 381716 0.65579 0.65579 0.65579 0.65579 0.65579 0.65579 0.65579 0.65579 0.65579 0.65579 0.65579 0.65579 0.65579 0.65579 0.65579 0.516413 0.516413 0.516413 0.516413 0.516413 0.516413 0.516413 0.516413 0.516413 0.516413 0.516413 0.516413 0.516413 0.516413 0.516413 
575841 575841 575841 575841 575841 575841 575841 575841 575841 575841 575841 575841 575841 575841 575841 56817.5 56817.5 56817.5 56817.5 56817.5 56817.5 56817.5 56817.5 56817.5 56817.5 56817.5 56817.5 56817.5 56817.5 56817.5 0.715601 0.715601 0.715601 0.715601 0.715601 0.715601 0.715601 0.715601 0.715601 0.715601 0.715601 0.715601 0.715601 0.715601 0.715601 0.614331 0.614331 0.614331 0.614331 0.614331 0.614331 0.614331 0.614331 0.614331 0.614331 0.614331 0.614331 0.614331 0.614331 0.614331 
383544 383544 383544 383544 383544 383544 383544 383544 383544 383544 383544 383544 383544 383544 383544 569983 569983 569983 569983 569983 569983 569983 569983 569983 569983 569983 569983 569983 569983 569983 0.287927 0.287927 0.287927 0.287927 0.287927 0.287927 0.287927 0.287927 0.287927 0.287927 0.287927 0.287927 0.287927 0.287927 0.287927 0.276975 0.276975 0.276975 0.276975 0.276975 0.276975 0.276975 0.276975 0.276975 0.276975 0.276975 0.276975 0.276975 0.276975 0.276975 
818672 818672 818672 818672 818672 818672 818672 818672 818672 818672 818672 818672 818672 818672 818672 264424 264424 264424 264424 264424 264424 264424 264424 264424 264424 264424 264424 264424 264424 264424 0.547178 0.547178 0.547178 0.547178 0.547178 0.547178 0.547178 0.547178 0.547178 0.547178 0.547178 0.547178 0.547178 0.547178 0.547178 0.261256 0.261256 0.261256 0.261256 0.261256 0.261256 0.261256 0.261256 0.261256 0.261256 0.261256 0.261256 0.261256 0.261256 0.261256 
510966 510966 510966 510966 510966 510966 510966 510966 510966 510966 510966 510966 510966 510966 510966 513218 513218 513218 513218 513218 513218 513218 513218 513218 513218 513218 513218 513218 513218 513218 0.658814 0.658814 0.658814 0.658814 0.658814 0.658814 0.658814 0.658814 0.658814 0.658814 0.658814 0.658814 0.658814 0.658814 0.658814 0.647416 0.647416 0.647416 0.647416 0.647416 0.647416 0.647416 0.647416 0.647416 0.647416 0.647416 0.647416 0.647416 0.647416 0.647416 
696687 696687 696687 696687 696687 696687 696687 696687 696687 696687 696687 696687 696687 696687 696687 501620 501620 501620 501620 501620 501620 501620 501620 501620 501620 501620 501620 501620 501620 501620 0.517901 0.517901 0.517901 0.517901 0.517901 0.517901 0.517901 0.517901 0.517901 0.517901 0.517901 0.517901 0.517901 0.517901 0.517901 0.472592 0.472592 0.472592 0.472592 0.472592 0.472592 0.472592 0.472592 0.472592 0.472592 0.472592 0.472592 0.472592 0.472592 0.472592 
917608 917608 917608 917608 917608 917608 917608 917608 917608 917608 917608 917608 917608 917608 917608 289410 289410 289410 289410 289410 289410 289410 289410 289410 289410 289410 289410 289410 289410 289410 0.6286 0.6286 0.6286 0.6286 0.6286 0.6286 0.6286 0.6286 0.6286 0.6286 0.6286 0.6286 0.6286 0.6286 0.6286 0.626865 0.626865 0.626865 0.626865 0.626865 0.626865 0.626865 0.626865 0.626865 0.626865 0.626865 0.626865 0.626865 0.626865 0.626865 
489358 489358 489358 489358 489358 489358 489358 489358 489358 489358 489358 489358 489358 489358 489358 438679 438679 438679 438679 438679 438679 438679 438679 438679 438679 438679 438679 438679 438679 438679 0.473392 0.473392 0.473392 0.473392 0.473392 0.473392 0.473392 0.473392 0.473392 0.473392 0.473392 0.473392 0.473392 0.473392 0.473392 0.403175 0.403175 0.403175 0.403175 0.403175 0.403175 0.403175 0.403175 0.403175 0.403175 0.403175 0.403175 0.403175 0.403175 0.403175 
586149 586149 586149 586149 586149 586149 586149 586149 586149 586149 586149 586149 586149 586149 586149 112230 112230 112230 112230 112230 112230 112230 112230 112230 112230 112230 112230 112230 112230 112230 0.703154 0.703154 0.703154 0.703154 0.703154 0.703154 0.703154 0.703154 0.703154 0.703154 0.703154 0.703154 0.703154 0.703154 0.703154 0.689827 0.689827 0.689827 0.689827 0.689827 0.689827 0.689827 0.689827 0.689827 0.689827 0.689827 0.689827 0.689827 0.689827 0.689827 
365599 365599 365599 365599 365599 365599 365599 365599 365599 365599 365599 365599 365599 365599 365599 54284.9 54284.9 54284.9 54284.9 54284.9 54284.9 54284.9 54284.9 54284.9 54284.9 54284.9 54284.9 54284.9 54284.9 54284.9 0.494785 0.494785 0.494785 0.494785 0.494785 0.494785 0.494785 0.494785 0.494785 0.494785 0.494785 0.494785 0.494785 0.494785 0.494785 0.346255 0.346255 0.346255 0.346255 0.346255 0.346255 0.346255 0.346255 0.346255 0.346255 0.346255 0.346255 0.346255 0.346255 0.346255 
165328 165328 165328 165328 165328 165328 165328 165328 165328 165328 165328 165328 165328 165328 165328 759322 759322 759322 759322 759322 759322 759322 759322 759322 759322 759322 759322 759322 759322 759322 0.685556 0.685556 0.685556 0.685556 0.685556 0.685556 0.685556 0.685556 0.685556 0.685556 0.685556 0.685556 0.685556 0.685556 0.685556 0.425388 0.425388 0.425388 0.425388 0.425388 0.425388 0.425388 0.425388 0.425388 0.425388 0.425388 0.425388 0.425388 0.425388 0.425388 
825254 825254 825254 825254 825254 825254 825254 825254 825254 825254 825254 825254 825254 825254 825254 982750 982750 982750 982750 982750 982750 982750 982750 982750 982750 982750 982750 982750 982750 982750 0.615124 0.615124 0.615124 0.615124 0.615124 0.615124 0.615124 0.615124 0.615124 0.615124 0.615124 0.615124 0.615124 0.615124 0.615124 0.421939 0.421939 0.421939 0.421939 0.421939 0.421939 0.421939 0.421939 0.421939 0.421939 0.421939 0.421939 0.421939 0.421939 0.421939 
781326 781326 781326 781326 781326 781326 781326 781326 781326 781326 781326 781326 781326 781326 781326 85720.1 85720.1 85720.1 85720.1 85720.1 85720.1 85720.1 85720.1 85720.1 85720.1 85720.1 85720.1 85720.1 85720.1 85720.1 0.714693 0.714693 0.714693 0.714693 0.714693 0.714693 0.714693 0.714693 0.714693 0.714693 0.714693 0.714693 0.714693 0.714693 0.714693 0.637856 0.637856 0.637856 0.637856 0.637856 0.637856 0.637856 0.637856 0.637856 0.637856 0.637856 0.637856 0.637856 0.637856 0.637856 
891298 891298 891298 891298 891298 891298 891298 891298 891298 891298 891298 891298 891298 891298 891298 982392 982392 982392 982392 982392 982392 982392 982392 982392 982392 982392 982392 982392 982392 982392 0.634515 0.634515 0.634515 0.634515 0.634515 0.634515 0.634515 0.634515 0.634515 0.634515 0.634515 0.634515 0.634515 0.634515 0.634515 0.540723 0.540723 0.540723 0.540723 0.540723 0.540723 0.540723 0.540723 0.540723 0.540723 0.540723 0.540723 0.540723 0.540723 0.540723 
549274 549274 549274 549274 549274 549274 549274 549274 549274 549274 549274 549274 549274 549274 549274 299839 299839 299839 299839 299839 299839 299839 299839 299839 299839 299839 299839 299839 299839 299839 0.622346 0.622346 0.622346 0.622346 0.622346 0.622346 0.622346 0.622346 0.622346 0.622346 0.622346 0.622346 0.622346 0.622346 0.622346 0.344478 0.344478 0.344478 0.344478 0.344478 0.344478 0.344478 0.344478 0.344478 0.344478 0.344478 0.344478 0.344478 0.344478 0.344478 
215971 215971 215971 215971 215971 215971 215971 215971 215971 215971 215971 215971 215971 215971 215971 81960.1 81960.1 81960.1 81960.1 81960.1 81960.1 81960.1 81960.1 81960.1 81960.1 81960.1 81960.1 81960.1 81960.1 81960.1 0.7069 0.7069 0.7069 0.7069 0.7069 0.7069 0.7069 0.7069 0.7069 0.7069 0.7069 0.7069 0.7069 0.7069 0.7069 0.603358 0.603358 0.603358 0.603358 0.603358 0.603358 0.603358 0.603358 0.603358 0.603358 0.603358 0.603358 0.603358 0.603358 0.603358 
255547 255547 255547 255547 255547 255547 255547 255547 255547 255547 255547 255547 255547 255547 255547 293988 293988 293988 293988 293988 293988 293988 293988 293988 293988 293988 293988 293988 293988 293988 0.558545 0.558545 0.558545 0.558545 0.558545 0.558545 0.558545 0.558545 0.558545 0.558545 0.558545 0.558545 0.558545 0.558545 0.558545 0.38264 0.38264 0.38264 0.38264 0.38264 0.38264 0.38264 0.38264 0.38264 0.38264 0.38264 0.38264 0.38264 0.38264 0.38264 
530042 530042 530042 530042 530042 530042 530042 530042 530042 530042 530042 530042 530042 530042 530042 482126 482126 482126 482126 482126 482126 482126 482126 482126 482126 482126 482126 482126 482126 482126 0.650674 0.650674 0.650674 0.650674 0.650674 0.650674 0.650674 0.650674 0.650674 0.650674 0.650674 0.650674 0.650674 0.650674 0.650674 0.363921 0.363921 0.363921 0.363921 0.363921 0.363921 0.363921 0.363921 0.363921 0.363921 0.363921 0.363921 0.363921 0.363921 0.363921 
893458 893458 893458 893458 893458 893458 893458 893458 893458 893458 893458 893458 893458 893458 893458 704707 704707 704707 704707 704707 704707 704707 704707 704707 704707 704707 704707 704707 704707 704707 0.527869 0.527869 0.527869 0.527869 0.527869 0.527869 0.527869 0.527869 0.527869 0.527869 0.527869 0.527869 0.527869 0.527869 0.527869 0.342217 0.342217 0.342217 0.342217 0.342217 0.342217 0.342217 0.342217 0.342217 0.342217 0.342217 0.342217 0.342217 0.342217 0.342217 
650870 650870 650870 650870 650870 650870 650870 650870 650870 650870 650870 650870 650870 650870 650870 733064 733064 733064 733064 733064 733064 733064 733064 733064 733064 733064 733064 733064 733064 733064 0.573873 0.573873 0.573873 0.573873 0.573873 0.573873 0.573873 0.573873 0.573873 0.573873 0.573873 0.573873 0.573873 0.573873 0.573873 0.475462 0.475462 0.475462 0.475462 0.475462 0.475462 0.475462 0.475462 0.475462 0.475462 0.475462 0.475462 0.475462 0.475462 0.475462 
194969 194969 194969 194969 194969 194969 194969 194969 194969 194969 194969 194969 194969 194969 194969 431112 431112 431112 431112 431112 431112 431112 431112 431112 431112 431112 431112 431112 431112 431112 0.491011 0.491011 0.491011 0.491011 0.491011 0.491011 0.491011 0.491011 0.491011 0.491011 0.491011 0.491011 0.491011 0.491011 0.491011 0.310306 0.310306 0.310306 0.310306 0.310306 0.310306 0.310306 0.310306 0.310306 0.310306 0.310306 0.310306 0.310306 0.310306 0.310306 
851459 851459 851459 851459 851459 851459 851459 851459 851459 851459 851459 851459 851459 851459 851459 562757 562757 562757 562757 562757 562757 562757 562757 562757 562757 562757 562757 562757 562757 562757 0.714804 0.714804 0.714804 0.714804 0.714804 0.714804 0.714804 0.714804 0.714804 0.714804 0.714804 0.714804 0.714804 0.714804 0.714804 0.598334 0.598334 0.598334 0.598334 0.598334 0.598334 0.598334 0.598334 0.598334 0.598334 0.598334 0.598334 0.598334 0.598334 0.598334 
425994 425994 425994 425994 425994 425994 425994 425994 425994 425994 425994 425994 425994 425994 425994 657295 657295 657295 657295 657295 657295 657295 657295 657295 657295 657295 657295 657295 657295 657295 0.611461 0.611461 0.611461 0.611461 0.611461 0.611461 0.611461 0.611461 0.611461 0.611461 0.611461 0.611461 0.611461 0.611461 0.611461 0.515605 0.515605 0.515605 0.515605 0.515605 0.515605 0.515605 0.515605 0.515605 0.515605 0.515605 0.515605 0.515605 0.515605 0.515605 
341031 341031 341031 341031 341031 341031 341031 341031 341031 341031 341031 341031 341031 341031 341031 900554 900554 900554 900554 900554 900554 900554 900554 900554 900554 900554 900554 900554 900554 900554 0.434623 0.434623 0.434623 0.434623 0.434623 0.434623 0.434623 0.434623 0.434623 0.434623 0.434623 0.434623 0.434623 0.434623 0.434623 0.305601 0.305601 0.305601 0.305601 0.305601 0.305601 0.305601 0.305601 0.305601 0.305601 0.305601 0.305601 0.305601 0.305601 0.305601 
160623 160623 160623 160623 160623 160623 160623 160623 160623 160623 160623 160623 160623 160623 160623 856245 856245 856245 856245 856245 856245 856245 856245 856245 856245 856245 856245 856245 856245 856245 0.572382 0.572382 0.572382 0.572382 0.572382 0.572382 0.572382 0.572382 0.572382 0.572382 0.572382 0.572382 0.572382 0.572382 0.572382 0.438136 0.438136 0.438136 0.438136 0.438136 0.438136 0.438136 0.438136 0.438136 0.438136 0.438136 0.438136 0.438136 0.438136 0.438136 
193762 193762 193762 193762 193762 193762 193762 193762 193762 193762 193762 193762 193762 193762 193762 497531 497531 497531 497531 497531 497531 497531 497531 497531 497531 497531 497531 497531 497531 497531 0.323804 0.323804 0.323804 0.323804 0.323804 0.323804 0.323804 0.323804 0.323804 0.323804 0.323804 0.323804 0.323804 0.323804 0.323804 0.277487 0.277487 0.277487 0.277487 0.277487 0.277487 0.277487 0.277487 0.277487 0.277487 0.277487 0.277487 0.277487 0.277487 0.277487 
129706 129706 129706 129706 129706 129706 129706 129706 129706 129706 129706 129706 129706 129706 129706 134501 134501 134501 134501 134501 134501 134501 134501 134501 134501 134501 134501 134501 134501 134501 0.296176 0.296176 0.296176 0.296176 0.296176 0.296176 0.296176 0.296176 0.296176 0.296176 0.296176 0.296176 0.296176 0.296176 0.296176 0.25391 0.25391 0.25391 0.25391 0.25391 0.25391 0.25391 0.25391 0.25391 0.25391 0.25391 0.25391 0.25391 0.25391 0.25391 
37437.8 37437.8 37437.8 37437.8 37437.8 37437.8 37437.8 37437.8 37437.8 37437.8 37437.8 37437.8 37437.8 37437.8 37437.8 563394 563394 563394 563394 563394 563394 563394 563394 563394 563394 563394 563394 563394 563394 563394 0.690933 0.690933 0.690933 0.690933 0.690933 0.690933 0.690933 0.690933 0.690933 0.690933 0.690933 0.690933 0.690933 0.690933 0.690933 0.584588 0.584588 0.584588 0.584588 0.584588 0.584588 0.584588 0.584588 0.584588 0.584588 0.584588 0.584588 0.584588 0.584588 0.584588 
903203 903203 903203 903203 903203 903203 903203 903203 903203 903203 903203 903203 903203 903203 903203 945063 945063 945063 945063 945063 945063 945063 945063 945063 945063 945063 945063 945063 945063 945063 0.495432 0.495432 0.495432 0.495432 0.495432 0.495432 0.495432 0.495432 0.495432 0.495432 0.495432 0.495432 0.495432 0.495432 0.495432 0.494626 0.494626 0.494626 0.494626 0.494626 0.494626 0.494626 0.494626 0.494626 0.494626 0.494626 0.494626 0.494626 0.494626 0.494626 
116147 116147 116147 116147 116147 116147 116147 116147 116147 116147 116147 116147 116147 116147 116147 140611 140611 140611 140611 140611 140611 140611 140611 140611 140611 140611 140611 140611 140611 140611 0.589326 0.589326 0.589326 0.589326 0.589326 0.589326 0.589326 0.589326 0.589326 0.589326 0.589326 0.589326 0.589326 0.589326 0.589326 0.497589 0.497589 0.497589 0.497589 0.497589 0.497589 0.497589 0.497589 0.497589 0.497589 0.497589 0.497589 0.497589 0.497589 0.497589 
64106.3 64106.3 64106.3 64106.3 64106.3 64106.3 64106.3 64106.3 64106.3 64106.3 64106.3 64106.3 64106.3 64106.3 64106.3 319232 319232 319232 319232 319232 319232 319232 319232 319232 319232 319232 319232 319232 319232 319232 0.636361 0.636361 0.636361 0.636361 0.636361 0.636361 0.636361 0.636361 0.636361 0.636361 0.636361 0.636361 0.636361 0.636361 0.636361 0.598216 0.598216 0.598216 0.598216 0.598216 0.598216 0.598216 0.598216 0.598216 0.598216 0.598216 0.598216 0.598216 0.598216 0.598216 
187988 187988 187988 187988 187988 187988 187988 187988 187988 187988 187988 187988 187988 187988 187988 243753 243753 243753 243753 243753 243753 243753 243753 243753 243753 243753 243753 243753 243753 243753 0.458634 0.458634 0.458634 0.458634 0.458634 0.458634 0.458634 0.458634 0.458634 0.458634 0.458634 0.458634 0.458634 0.458634 0.458634 0.274827 0.274827 0.274827 0.274827 0.274827 0.274827 0.274827 0.274827 0.274827 0.274827 0.274827 0.274827 0.274827 0.274827 0.274827 
668007 668007 668007 668007 668007 668007 668007 668007 668007 668007 668007 668007 668007 668007 668007 541431 541431 541431 541431 541431 541431 541431 541431 541431 541431 541431 541431 541431 541431 541431 0.599053 0.599053 0.599053 0.599053 0.599053 0.599053 0.599053 0.599053 0.599053 0.599053 0.599053 0.599053 0.599053 0.599053 0.599053 0.583264 0.583264 0.583264 0.583264 0.583264 0.583264 0.583264 0.583264 0.583264 0.583264 0.583264 0.583264 0.583264 0.583264 0.583264 
791013 791013 791013 791013 791013 791013 791013 791013 791013 791013 791013 791013 791013 791013 791013 321932 321932 321932 321932 321932 321932 321932 321932 321932 321932 321932 321932 321932 321932 321932 0.517032 0.517032 0.517032 0.517032 0.517032 0.517032 0.517032 0.517032 0.517032 0.517032 0.517032 0.517032 0.517032 0.517032 0.517032 0.294975 0.294975 0.294975 0.294975 0.294975 0.294975 0.294975 0.294975 0.294975 0.294975 0.294975 0.294975 0.294975 0.294975 0.294975 
770113 770113 770113 770113 770113 770113 770113 770113 770113 770113 770113 770113 770113 770113 770113 399027 399027 399027 399027 399027 399027 399027 399027 399027 399027 399027 399027 399027 399027 399027 0.386469 0.386469 0.386469 0.386469 0.386469 0.386469 0.386469 0.386469 0.386469 0.386469 0.386469 0.386469 0.386469 0.386469 0.386469 0.268617 0.268617 0.268617 0.268617 0.268617 0.268617 0.268617 0.268617 0.268617 0.268617 0.268617 0.268617 0.268617 0.268617 0.268617 
551562 551562 551562 551562 551562 551562 551562 551562 551562 551562 551562 551562 551562 551562 551562 333771 333771 333771 333771 333771 333771 333771 333771 333771 333771 333771 333771 333771 333771 333771 0.559736 0.559736 0.559736 0.559736 0.559736 0.559736 0.559736 0.559736 0.559736 0.559736 0.559736 0.559736 0.559736 0.559736 0.559736 0.430318 0.430318 0.430318 0.430318 0.430318 0.430318 0.430318 0.430318 0.430318 0.430318 0.430318 0.430318 0.430318 0.430318 0.430318 
375548 375548 375548 375548 375548 375548 375548 375548 375548 375548 375548 375548 375548 375548 375548 202128 202128 202128 202128 202128 202128 202128 202128 202128 202128 202128 202128 202128 202128 202128 0.494844 0.494844 0.494844 0.494844 0.494844 0.494844 0.494844 0.494844 0.494844 0.494844 0.494844 0.494844 0.494844 0.494844 0.494844 0.419747 0.419747 0.419747 0.419747 0.419747 0.419747 0.419747 0.419747 0.419747 0.419747 0.419747 0.419747 0.419747 0.419747 0.419747 
