82976 75.6 73.34 71.08 68.82 66.56 64.3 62.04 59.78 57.52 55.26 53 137.65 3209.3 103.71 13.715 0.48538 262.36 9.0084 0.14189 421 -2.3472 0.91574
82694 75.6 73.34 71.08 68.82 66.56 64.3 62.04 59.78 57.52 55.26 53 66.973 6817.7 174.22 -13.929 0.84913 262.2 13.02 0.67873 350.17 7.7322 0.74313
83043 75.6 73.34 71.08 68.82 66.56 64.3 62.04 59.78 57.52 55.26 53 68.497 3252.3 172.7 -3.8277 0.19812 262.2 -0.30937 0.33949 351.7 13.549 0.92033
80461 75.6 73.34 71.08 68.82 66.56 64.3 62.04 59.78 57.52 55.26 53 83.826 5133.7 157.41 12.516 0.28584 262.23 7.716 0.75373 367.06 -3.5866 0.56782
86134 75.6 73.34 71.08 68.82 66.56 64.3 62.04 59.78 57.52 55.26 53 80.162 6509.1 161.06 1.4165 0.13862 262.23 -10.521 0.25751 363.39 10.222 0.25428
84196 75.6 73.34 71.08 68.82 66.56 64.3 62.04 59.78 57.52 55.26 53 66.065 4317.6 175.13 -11.041 0.94205 262.19 13.684 0.57521 349.26 -13.207 0.23478
83535 75.6 73.34 71.08 68.82 66.56 64.3 62.04 59.78 57.52 55.26 53 64.692 5449.6 176.5 6.1814 0.031833 262.19 -6.6923 0.046171 347.88 -12.086 0.82346
84385 75.6 73.34 71.08 68.82 66.56 64.3 62.04 59.78 57.52 55.26 53 64.683 5128.3 176.51 12.189 0.87965 262.19 9.5328 0.26073 347.87 2.8307 0.022513
86340 75.6 73.34 71.08 68.82 66.56 64.3 62.04 59.78 57.52 55.26 53 100.19 5025.4 141.09 5.0753 0.19043 262.27 -3.9325 0.46073 383.46 14.449 0.1564
85118 75.6 73.34 71.08 68.82 66.56 64.3 62.04 59.78 57.52 55.26 53 131.36 3926.9 109.98 -13.967 0.43874 262.34 -3.5532 0.76552 414.7 8.856 0.18687
84165 75.6 73.34 71.08 68.82 66.56 64.3 62.04 59.78 57.52 55.26 53 62.675 6858.9 178.51 -5.2456 0.10563 262.19 3.3288 0.7788 345.86 -2.2964 0.090823
81722 75.6 73.34 71.08 68.82 66.56 64.3 62.04 59.78 57.52 55.26 53 74.735 6076.7 166.48 -3.6417 0.81158 262.21 0.98477 0.35073 357.95 13.17 0.87594
77626 75.6 73.34 71.08 68.82 66.56 64.3 62.04 59.78 57.52 55.26 53 119.53 2637.4 121.79 0.00067307 0.47992 262.31 12.142 0.60987 402.84 3.53 0.85944
80501 75.6 73.34 71.08 68.82 66.56 64.3 62.04 59.78 57.52 55.26 53 109.78 4742.6 131.52 -4.7884 0.58527 262.29 -8.2856 0.75127 393.07 -7.3472 0.50596
80518 75.6 73.34 71.08 68.82 66.56 64.3 62.04 59.78 57.52 55.26 53 79.193 2841.8 162.03 -11.3 0.18391 262.22 -7.8014 0.41727 362.42 -13.51 0.90272
78139 75.6 73.34 71.08 68.82 66.56 64.3 62.04 59.78 57.52 55.26 53 102.46 2742.8 138.81 8.375 0.93401 262.28 -11.103 0.56882 385.74 -0.91828 0.011902
84215 75.6 73.34 71.08 68.82 66.56 64.3 62.04 59.78 57.52 55.26 53 134.34 3595.9 107.01 -4.5005 0.19659 262.35 -7.4675 0.61604 417.69 -0.80134 0.35166
79302 75.6 73.34 71.08 68.82 66.56 64.3 62.04 59.78 57.52 55.26 53 99.112 3542.2 142.16 3.7218 0.67914 262.27 -3.1345 0.36744 382.38 14.639 0.037739
82638 75.6 73.34 71.08 68.82 66.56 64.3 62.04 59.78 57.52 55.26 53 70.319 5866.7 170.88 -12.485 0.22898 262.2 12.4 0.15238 353.52 9.7745 0.53834
80747 75.6 73.34 71.08 68.82 66.56 64.3 62.04 59.78 57.52 55.26 53 76.214 6179 165 -10.504 0.6596 262.22 0.55785 0.97298 359.43 4.4697 0.80033
83535 75.6 73.34 71.08 68.82 66.56 64.3 62.04 59.78 57.52 55.26 53 66.507 4474.9 174.69 -7.2581 0.40872 262.19 2.8469 0.26221 349.7 3.0853 0.71122
81230 75.6 73.34 71.08 68.82 66.56 64.3 62.04 59.78 57.52 55.26 53 76.477 4299 164.74 9.0021 0.43141 262.22 12.319 0.18185 359.69 -7.0859 0.14554
80707 75.6 73.34 71.08 68.82 66.56 64.3 62.04 59.78 57.52 55.26 53 97.331 4505.1 143.93 6.2809 0.75469 262.26 -6.7192 0.6797 380.6 4.6529 0.16261
79109 75.6 73.34 71.08 68.82 66.56 64.3 62.04 59.78 57.52 55.26 53 96.996 2505.2 144.27 -2.2695 0.46092 262.26 8.1048 0.32247 380.26 8.5422 0.47136
81718 75.6 73.34 71.08 68.82 66.56 64.3 62.04 59.78 57.52 55.26 53 69.903 4728.3 171.3 -0.14983 0.14761 262.2 -13.351 0.85071 353.11 1.8168 0.92961
80509 75.6 73.34 71.08 68.82 66.56 64.3 62.04 59.78 57.52 55.26 53 93.443 4296.7 147.81 -2.496 0.65686 262.26 3.8392 0.29198 376.7 -2.0505 0.015487
81501 75.6 73.34 71.08 68.82 66.56 64.3 62.04 59.78 57.52 55.26 53 71.721 3424.7 169.49 -9.3278 0.042652 262.21 4.0559 0.28187 354.93 1.1579 0.69516
77612 75.6 73.34 71.08 68.82 66.56 64.3 62.04 59.78 57.52 55.26 53 108.58 3037.3 132.71 -1.4959 0.45872 262.29 4.8583 0.77029 391.87 -4.4935 0.66201
82068 75.6 73.34 71.08 68.82 66.56 64.3 62.04 59.78 57.52 55.26 53 78.486 5498.5 162.74 5.9432 0.66653 262.22 -9.656 0.12801 361.71 14.972 0.17112
81583 75.6 73.34 71.08 68.82 66.56 64.3 62.04 59.78 57.52 55.26 53 70.966 5123.4 170.24 -6.2868 0.61709 262.2 -7.0416 0.82438 354.17 14.48 0.73025
80681 75.6 73.34 71.08 68.82 66.56 64.3 62.04 59.78 57.52 55.26 53 85.766 4708.9 155.47 -4.8684 0.90005 262.24 -3.9226 0.1112 369 8.4076 0.38974
87910 75.6 73.34 71.08 68.82 66.56 64.3 62.04 59.78 57.52 55.26 53 109.05 4851.2 132.24 -8.4397 0.1058 262.29 -11.709 0.063591 392.34 -2.8626 0.44837
85746 75.6 73.34 71.08 68.82 66.56 64.3 62.04 59.78 57.52 55.26 53 60.112 5373.4 181.07 -12.936 0.3196 262.18 0.92593 0.65445 343.29 -2.7714 0.81998
82930 75.6 73.34 71.08 68.82 66.56 64.3 62.04 59.78 57.52 55.26 53 72.186 6682.2 169.02 -0.39625 0.43586 262.21 -1.5965 0.30635 355.39 0.25526 0.51077
80487 75.6 73.34 71.08 68.82 66.56 64.3 62.04 59.78 57.52 55.26 53 77.529 5441.9 163.69 8.3715 0.71504 262.22 12.112 0.89092 360.75 -4.9751 0.69875
78413 75.6 73.34 71.08 68.82 66.56 64.3 62.04 59.78 57.52 55.26 53 113.31 3610.3 127.99 -12.495 0.62596 262.3 4.8283 0.72975 396.61 11.723 0.9823
80635 75.6 73.34 71.08 68.82 66.56 64.3 62.04 59.78 57.52 55.26 53 74.337 4198.3 166.88 8.7122 0.9493 262.21 -5.173 0.67126 357.55 -1.8406 0.8335
85735 75.6 73.34 71.08 68.82 66.56 64.3 62.04 59.78 57.52 55.26 53 62.312 5081.7 178.87 12.936 0.72866 262.19 7.1353 0.063405 345.5 10.813 0.93441
78162 75.6 73.34 71.08 68.82 66.56 64.3 62.04 59.78 57.52 55.26 53 123.54 3229.8 117.78 -5.6635 0.52853 262.32 -10.03 0.60198 406.87 -7.1109 0.65408
82849 75.6 73.34 71.08 68.82 66.56 64.3 62.04 59.78 57.52 55.26 53 70.753 6679.8 170.45 -0.34173 0.57852 262.2 -7.8815 0.45885 353.96 13.893 0.54681
82211 75.6 73.34 71.08 68.82 66.56 64.3 62.04 59.78 57.52 55.26 53 68.666 6411.8 172.53 1.4958 0.14496 262.2 10.591 0.62206 351.87 -4.4714 0.51325
80395 75.6 73.34 71.08 68.82 66.56 64.3 62.04 59.78 57.52 55.26 53 78.213 3268.2 163.01 -1.929 0.3111 262.22 12.701 0.43021 361.43 -9.4555 0.90488
77586 75.6 73.34 71.08 68.82 66.56 64.3 62.04 59.78 57.52 55.26 53 95.414 2851.8 145.85 -11.8 0.9619 262.26 -14.861 0.77491 378.67 9.5191 0.86869
80979 75.6 73.34 71.08 68.82 66.56 64.3 62.04 59.78 57.52 55.26 53 84.327 4752.1 156.91 -13.211 0.68197 262.24 -13.727 0.071445 367.56 0.6495 0.09673
78640 75.6 73.34 71.08 68.82 66.56 64.3 62.04 59.78 57.52 55.26 53 106.89 3175 134.4 -7.1356 0.044454 262.29 7.648 0.24279 390.17 -1.7279 0.6878
83406 75.6 73.34 71.08 68.82 66.56 64.3 62.04 59.78 57.52 55.26 53 90.297 5505.3 150.95 -4.6661 0.78052 262.25 5.26 0.0067153 373.55 3.0651 0.38677
85169 75.6 73.34 71.08 68.82 66.56 64.3 62.04 59.78 57.52 55.26 53 84.01 5869.2 157.22 8.6989 0.31852 262.23 1.0219 0.089951 367.25 -11.649 0.13629
84361 75.6 73.34 71.08 68.82 66.56 64.3 62.04 59.78 57.52 55.26 53 108.97 4445.8 132.32 -12.496 0.13317 262.29 -9.7983 0.39094 392.26 9.9414 0.80336
82091 75.6 73.34 71.08 68.82 66.56 64.3 62.04 59.78 57.52 55.26 53 89.238 4985.3 152.01 -14.04 0.61471 262.25 -4.1277 0.049533 372.48 -0.3129 0.19251
79195 75.6 73.34 71.08 68.82 66.56 64.3 62.04 59.78 57.52 55.26 53 98.759 4415.8 142.51 4.4285 0.67902 262.27 4.0736 0.94517 382.03 -8.7319 0.70928
84372 75.6 73.34 71.08 68.82 66.56 64.3 62.04 59.78 57.52 55.26 53 64.185 5820.4 177 -2.3149 0.54787 262.19 13.282 0.41774 347.37 14.492 0.30145
82342 75.6 73.34 71.08 68.82 66.56 64.3 62.04 59.78 57.52 55.26 53 73.423 5401.4 167.79 -9.2723 0.42825 262.21 -0.53934 0.12061 356.63 2.6852 0.22619
81386 75.6 73.34 71.08 68.82 66.56 64.3 62.04 59.78 57.52 55.26 53 95.751 4867.5 145.51 6.2176 0.78138 262.26 -6.3607 0.69253 379.01 1.7001 0.39652
80037 75.6 73.34 71.08 68.82 66.56 64.3 62.04 59.78 57.52 55.26 53 135.19 3036.5 106.16 4.3666 0.47946 262.35 4.1795 0.54472 418.54 4.4193 0.54389
81334 75.6 73.34 71.08 68.82 66.56 64.3 62.04 59.78 57.52 55.26 53 72.237 3907.2 168.97 -9.637 0.42289 262.21 -12.173 0.59852 355.44 -0.87227 0.69595
81091 75.6 73.34 71.08 68.82 66.56 64.3 62.04 59.78 57.52 55.26 53 118.38 3833.4 122.93 -9.3314 0.68678 262.31 -9.4947 0.36849 401.69 3.7686 0.78023
82609 75.6 73.34 71.08 68.82 66.56 64.3 62.04 59.78 57.52 55.26 53 73.642 6609.8 167.57 -12.039 0.26187 262.21 -4.9393 0.67973 356.85 -10.903 0.72123
82248 75.6 73.34 71.08 68.82 66.56 64.3 62.04 59.78 57.52 55.26 53 103.19 4657.9 138.09 -8.1647 0.49809 262.28 12.026 0.57466 386.47 10.355 0.73864
78585 75.6 73.34 71.08 68.82 66.56 64.3 62.04 59.78 57.52 55.26 53 125.74 3386.7 115.59 -2.1024 0.88777 262.33 -3.2645 0.76911 409.07 -3.0962 0.80851
84922 75.6 73.34 71.08 68.82 66.56 64.3 62.04 59.78 57.52 55.26 53 63.13 4507.1 178.06 -9.6868 0.66281 262.19 -5.0751 0.89849 346.32 -11.455 0.98842
81862 75.6 73.34 71.08 68.82 66.56 64.3 62.04 59.78 57.52 55.26 53 75.322 5381.4 165.89 -8.8207 0.94793 262.21 -12.538 0.10571 358.54 -10.739 0.16646
79458 75.6 73.34 71.08 68.82 66.56 64.3 62.04 59.78 57.52 55.26 53 83.734 3028.4 157.5 -5.4367 0.42417 262.23 0.23575 0.085516 366.97 -7.1255 0.80102
77952 75.6 73.34 71.08 68.82 66.56 64.3 62.04 59.78 57.52 55.26 53 100.43 2708.6 140.84 7.8428 0.63107 262.27 -12.303 0.080862 383.71 8.3172 0.90514
82928 75.6 73.34 71.08 68.82 66.56 64.3 62.04 59.78 57.52 55.26 53 83.35 5301.1 157.88 -8.7677 0.30125 262.23 -0.8723 0.23049 366.58 10.329 0.19476
82646 75.6 73.34 71.08 68.82 66.56 64.3 62.04 59.78 57.52 55.26 53 68.071 5095.3 173.13 -7.802 0.88651 262.2 -14.14 0.4899 351.27 -9.9622 0.97868
83550 75.6 73.34 71.08 68.82 66.56 64.3 62.04 59.78 57.52 55.26 53 131.59 3456.7 109.75 -12.856 0.24249 262.34 -13.387 0.44172 414.94 -14.601 0.89719
80041 75.6 73.34 71.08 68.82 66.56 64.3 62.04 59.78 57.52 55.26 53 86.021 4864.3 155.22 10.834 0.48485 262.24 -3.1963 0.67143 369.26 7.2377 0.52005
79091 75.6 73.34 71.08 68.82 66.56 64.3 62.04 59.78 57.52 55.26 53 82.48 3191.5 158.75 -1.7974 0.52714 262.23 -1.2773 0.87537 365.71 0.54156 0.94362
83675 75.6 73.34 71.08 68.82 66.56 64.3 62.04 59.78 57.52 55.26 53 66.188 3454.1 175.01 12.414 0.70671 262.19 1.7337 0.31343 349.38 -10.014 0.6225
80976 75.6 73.34 71.08 68.82 66.56 64.3 62.04 59.78 57.52 55.26 53 128.96 3252.6 112.38 14.696 0.51442 262.34 11.528 0.58803 412.29 -10.357 0.19986
82313 75.6 73.34 71.08 68.82 66.56 64.3 62.04 59.78 57.52 55.26 53 100.56 5116.5 140.72 2.4027 0.016983 262.27 -11.374 0.86271 383.83 -0.4711 0.84486
79410 75.6 73.34 71.08 68.82 66.56 64.3 62.04 59.78 57.52 55.26 53 117.74 3291.4 123.57 -0.79542 0.15272 262.31 -4.7663 0.60739 401.05 -9.2476 0.73843
79042 75.6 73.34 71.08 68.82 66.56 64.3 62.04 59.78 57.52 55.26 53 90.508 3194.7 150.74 -10.166 0.75811 262.25 11.133 0.35078 373.76 5.5661 0.29415
80411 75.6 73.34 71.08 68.82 66.56 64.3 62.04 59.78 57.52 55.26 53 85.896 4409.5 155.34 -11.254 0.024434 262.24 -6.2944 0.31752 369.13 4.6107 0.95694
80804 75.6 73.34 71.08 68.82 66.56 64.3 62.04 59.78 57.52 55.26 53 126.06 2991.2 115.27 -4.8571 0.29397 262.33 7.3894 0.010337 409.39 -13.547 0.66792
82140 75.6 73.34 71.08 68.82 66.56 64.3 62.04 59.78 57.52 55.26 53 78.656 6288.7 162.57 -7.3068 0.61346 262.22 2.4675 0.54074 361.88 11.098 0.26478
83180 75.6 73.34 71.08 68.82 66.56 64.3 62.04 59.78 57.52 55.26 53 67.882 3454.7 173.32 9.7072 0.17501 262.2 -10.093 0.66599 351.08 11.832 0.51656
82263 75.6 73.34 71.08 68.82 66.56 64.3 62.04 59.78 57.52 55.26 53 77.679 6095.3 163.54 -13.46 0.072885 262.22 -12.344 0.79835 360.9 13.29 0.68372
80410 75.6 73.34 71.08 68.82 66.56 64.3 62.04 59.78 57.52 55.26 53 95.524 5122.6 145.74 11.37 0.98891 262.26 -14.984 0.86544 378.78 3.377 0.98995
82698 75.6 73.34 71.08 68.82 66.56 64.3 62.04 59.78 57.52 55.26 53 67.249 5960.3 173.95 -6.8118 0.037235 262.2 5.1989 0.42956 350.45 -1.4478 0.60986
78567 75.6 73.34 71.08 68.82 66.56 64.3 62.04 59.78 57.52 55.26 53 86.143 3829.9 155.1 -0.98795 0.6482 262.24 -14.243 0.84221 369.38 1.771 0.8541
82554 75.6 73.34 71.08 68.82 66.56 64.3 62.04 59.78 57.52 55.26 53 68.899 5813.5 172.3 5.5025 0.70405 262.2 -1.7308 0.019578 352.1 -5.0743 0.42431
83917 75.6 73.34 71.08 68.82 66.56 64.3 62.04 59.78 57.52 55.26 53 66.573 4323.9 174.62 -11.632 0.78443 262.19 -6.2529 0.60353 349.77 13.933 0.43249
81264 75.6 73.34 71.08 68.82 66.56 64.3 62.04 59.78 57.52 55.26 53 81.38 4911.1 159.85 -11.282 0.49036 262.23 10.59 0.87393 364.61 -6.8912 0.20846
80325 75.6 73.34 71.08 68.82 66.56 64.3 62.04 59.78 57.52 55.26 53 84.589 2920.2 156.65 -1.3183 0.10167 262.24 14.862 0.33209 367.82 -6.0796 0.062045
83343 75.6 73.34 71.08 68.82 66.56 64.3 62.04 59.78 57.52 55.26 53 65.223 6052.1 175.97 -8.8192 0.086666 262.19 8.158 0.20567 348.42 -3.3519 0.55178
84692 75.6 73.34 71.08 68.82 66.56 64.3 62.04 59.78 57.52 55.26 53 63.902 4118.4 177.29 0.65657 0.33585 262.19 -9.7299 0.20895 347.09 12.155 0.67539
82388 75.6 73.34 71.08 68.82 66.56 64.3 62.04 59.78 57.52 55.26 53 74.717 5753.1 166.5 -11.736 0.63177 262.21 -11.205 0.1343 357.93 -12.042 0.14203
81465 75.6 73.34 71.08 68.82 66.56 64.3 62.04 59.78 57.52 55.26 53 75.916 5935.8 165.3 8.1594 0.93285 262.22 14.182 0.19203 359.13 -10.834 0.69627
80688 75.6 73.34 71.08 68.82 66.56 64.3 62.04 59.78 57.52 55.26 53 100.31 3966.3 140.97 -3.0336 0.41509 262.27 -9.5779 0.25539 383.58 -14.384 0.92368
82268 75.6 73.34 71.08 68.82 66.56 64.3 62.04 59.78 57.52 55.26 53 71.177 4395 170.03 6.7733 0.37036 262.2 10.247 0.73423 354.38 2.1308 0.17686
79188 75.6 73.34 71.08 68.82 66.56 64.3 62.04 59.78 57.52 55.26 53 85.398 3383.1 155.84 -5.5071 0.21756 262.24 -7.4687 0.89292 368.64 6.0967 0.55574
82391 75.6 73.34 71.08 68.82 66.56 64.3 62.04 59.78 57.52 55.26 53 78.702 6165.4 162.52 10.568 0.50564 262.22 4.0698 0.95089 361.92 -1.6811 0.060019
79028 75.6 73.34 71.08 68.82 66.56 64.3 62.04 59.78 57.52 55.26 53 106.61 4063.5 134.67 -3.4839 0.62735 262.29 -14.351 0.91057 389.9 9.0168 0.74585
80647 75.6 73.34 71.08 68.82 66.56 64.3 62.04 59.78 57.52 55.26 53 80.623 3266.9 160.6 -3.096 0.073995 262.23 5.5229 0.40239 363.85 14.485 0.40218
82383 75.6 73.34 71.08 68.82 66.56 64.3 62.04 59.78 57.52 55.26 53 71.101 6245.9 170.1 -4.9407 0.29923 262.2 -1.4222 0.42265 354.31 -4.2118 0.55832
83288 75.6 73.34 71.08 68.82 66.56 64.3 62.04 59.78 57.52 55.26 53 83.901 5767.5 157.33 5.8136 0.0098023 262.23 10.296 0.92233 367.14 8.1286 0.04266
82428 75.6 73.34 71.08 68.82 66.56 64.3 62.04 59.78 57.52 55.26 53 86.796 5577.3 154.44 1.0241 0.88536 262.24 11.97 0.62594 370.04 -10.864 0.2178
80967 75.6 73.34 71.08 68.82 66.56 64.3 62.04 59.78 57.52 55.26 53 73.546 4560.5 167.66 7.9169 0.75933 262.21 7.2194 0.74369 356.76 -11.822 0.68156
93677 80 100 100 71.57 51 50 51 50 50 50 50 60 2501 40 -14 1 120 -15 0 485 -15 0
83491 75.6 73.34 71.08 68.82 66.56 64.3 62.04 59.78 57.52 55.26 53 64.597 6010.8 176.59 3.236 0.74125 262.19 -11.856 0.12789 347.79 1.4862 0.48523
83090 75.6 73.34 71.08 68.82 66.56 64.3 62.04 59.78 57.52 55.26 53 68.555 2688.2 172.64 3.4933 0.93966 262.2 -4.3663 0.41063 351.75 14.53 0.94558
80040 75.6 73.34 71.08 68.82 66.56 64.3 62.04 59.78 57.52 55.26 53 91.365 5211.9 149.89 2.506 0.55179 262.25 2.5071 0.51182 374.62 -12.522 0.71957
82295 75.6 73.34 71.08 68.82 66.56 64.3 62.04 59.78 57.52 55.26 53 69.136 5911.4 172.06 4.6649 0.10976 262.2 13.013 0.18746 352.34 -7.0146 0.79783
83056 75.6 73.34 71.08 68.82 66.56 64.3 62.04 59.78 57.52 55.26 53 76.113 6365.2 165.1 0.40132 0.1776 262.22 -3.0423 0.13393 359.33 -14.073 0.93914
81030 75.6 73.34 71.08 68.82 66.56 64.3 62.04 59.78 57.52 55.26 53 77.908 5388.7 163.31 -10.445 0.78193 262.22 -11.982 0.29407 361.13 -7.8788 0.53087
82825 75.6 73.34 71.08 68.82 66.56 64.3 62.04 59.78 57.52 55.26 53 69.156 6947.4 172.04 -4.899 0.66238 262.2 -7.675 0.29551 352.36 5.4054 0.52785
84402 75.6 73.34 71.08 68.82 66.56 64.3 62.04 59.78 57.52 55.26 53 77.081 6233.4 164.14 13.034 0.10789 262.22 -9.5332 0.099095 360.3 -0.30709 0.19325
80848 75.6 73.34 71.08 68.82 66.56 64.3 62.04 59.78 57.52 55.26 53 136.28 3191.2 105.08 1.2265 0.67973 262.35 -13.903 0.8092 419.63 7.4586 0.12019
80694 75.6 73.34 71.08 68.82 66.56 64.3 62.04 59.78 57.52 55.26 53 118.8 3556.7 122.52 14.118 0.86693 262.31 -12.413 0.36644 402.11 -3.924 0.68503
85007 75.6 73.34 71.08 68.82 66.56 64.3 62.04 59.78 57.52 55.26 53 93.365 5681.1 147.89 -6.3645 0.41452 262.25 -1.0548 0.76396 376.62 9.5461 0.10022
85756 75.6 73.34 71.08 68.82 66.56 64.3 62.04 59.78 57.52 55.26 53 118.19 3921.2 123.13 5.893 0.12533 262.31 -11.095 0.092352 401.5 -14.765 0.42311
85170 75.6 73.34 71.08 68.82 66.56 64.3 62.04 59.78 57.52 55.26 53 127.54 4095.4 113.79 -4.6065 0.88654 262.33 -1.3592 0.41343 410.88 -8.468 0.12565
82517 75.6 73.34 71.08 68.82 66.56 64.3 62.04 59.78 57.52 55.26 53 68.531 6578.6 172.67 -11.954 0.39086 262.2 -13.361 0.50128 351.73 -2.0484 0.99756
81973 75.6 73.34 71.08 68.82 66.56 64.3 62.04 59.78 57.52 55.26 53 73.41 5340.4 167.8 14.91 0.22417 262.21 4.5735 0.60499 356.62 -3.3826 0.14219
78078 75.6 73.34 71.08 68.82 66.56 64.3 62.04 59.78 57.52 55.26 53 121.39 2788.8 119.93 5.1361 0.71521 262.32 4.2618 0.41905 404.7 -3.2771 0.81614
84635 75.6 73.34 71.08 68.82 66.56 64.3 62.04 59.78 57.52 55.26 53 133.97 3693.9 107.38 -8.2869 0.37356 262.35 -12.375 0.64012 417.31 -9.5815 0.045051
82880 75.6 73.34 71.08 68.82 66.56 64.3 62.04 59.78 57.52 55.26 53 107.61 4685.4 133.68 -10.874 0.39 262.29 12.821 0.91749 390.9 6.4072 0.61834
87169 75.6 73.34 71.08 68.82 66.56 64.3 62.04 59.78 57.52 55.26 53 105.45 4985.2 135.83 1.4793 0.33042 262.28 3.5842 0.36064 388.73 7.6953 0.4139
81711 75.6 73.34 71.08 68.82 66.56 64.3 62.04 59.78 57.52 55.26 53 100.48 4224.9 140.8 2.2649 0.53005 262.27 -6.7479 0.24863 383.75 -1.4508 0.22771
93757 81 100 100 71.57 50 50 50 50 51 50 50 60 2500 40 -15 1 120 -14 0 485 -15 0
92901 80 100 100 71.57 51.532 50 50 50 50 50 50 60 2500 40 11.426 4.4389e-16 120 -15 0 485 -15 0
93715 80.063 100 100 71.57 55.59 50.804 50.477 50 50.063 50 50 60 2500.5 40 -14.523 0.53981 120 -14.937 0 485 -15 0
93833 80 100 100 71.57 62.86 50 50 50 50 50 50 60 2500 40 -15 0 120 -15 0 485 -15 0
93818 80 100 100 71.57 50.933 50 50.933 50 50 50 50 60 2500.9 40 -12.045 0.9326 120 -15 0 485 -15 0
93349 80 100 100 71.57 50 50 50 50 50 50 50 60 2500 40 15 0 120 -15 0 485 -15 0
93757 81 100 100 71.57 50 50 50 50 51 50 50 60 2500 40 -15 1 120 -14 0 485 -15 0
83136 75.6 73.34 71.08 68.82 66.56 64.3 62.04 59.78 57.52 55.26 53 93.252 5626.3 148 -5.1673 0.8378 262.25 7.1722 0.95417 376.51 -14.042 0.35687
93625 80 100 100 71.57 50.211 60.147 50.211 50 50 50 50 60 2500.2 40 -14.789 0.21097 120 -15 0 485 -15 0
93625 80 100 100 71.57 50 62.86 50 50 50 50 50 60 2500 40 -15 0 120 -15 0 485 -15 0
80149 75.6 73.34 71.08 68.82 66.56 64.3 62.04 59.78 57.52 55.26 53 78.431 3766.8 162.79 6.3339 0.62457 262.22 2.7183 0.66044 361.65 -13.573 0.34879
83454 75.6 73.34 71.08 68.82 66.56 64.3 62.04 59.78 57.52 55.26 53 83.697 5811.9 157.54 1.3472 0.68622 262.23 11.809 0.054792 366.93 -5.8902 0.046192
81798 75.6 73.34 71.08 68.82 66.56 64.3 62.04 59.78 57.52 55.26 53 82.006 5740.8 159.22 11.334 0.58243 262.23 -12.88 0.92275 365.24 9.0112 0.28595
82501 75.6 73.34 71.08 68.82 66.56 64.3 62.04 59.78 57.52 55.26 53 67.73 6931.5 173.47 10.169 0.43326 262.2 -0.88126 0.56071 350.93 -6.9272 0.74902
83505 75.6 73.34 71.08 68.82 66.56 64.3 62.04 59.78 57.52 55.26 53 114.78 4147.7 126.52 0.11342 0.48959 262.3 11.312 0.35314 398.09 -1.5167 0.96353
84048 75.6 73.34 71.08 68.82 66.56 64.3 62.04 59.78 57.52 55.26 53 117.2 3584.1 124.11 10.685 0.28151 262.31 6.9315 0.13776 400.51 10.102 0.1386
81696 75.6 73.34 71.08 68.82 66.56 64.3 62.04 59.78 57.52 55.26 53 70.578 5410.6 170.63 -10.838 0.47557 262.2 -4.1262 0.78811 353.78 8.4089 0.66851
84000 75.6 73.34 71.08 68.82 66.56 64.3 62.04 59.78 57.52 55.26 53 83.33 5669.5 157.9 -8.2717 0.26905 262.23 5.1909 0.47749 366.56 3.7115 0.23644
85201 75.6 73.34 71.08 68.82 66.56 64.3 62.04 59.78 57.52 55.26 53 63.533 2945.9 177.66 1.7188 0.7725 262.19 -5.6418 0.17898 346.72 -4.8313 0.21015
84115 75.6 73.34 71.08 68.82 66.56 64.3 62.04 59.78 57.52 55.26 53 137.98 2877.4 103.37 4.5405 0.23124 262.36 -2.8953 0.12202 421.34 -6.9468 0.25785
79091 75.6 73.34 71.08 68.82 66.56 64.3 62.04 59.78 57.52 55.26 53 87.841 3185.1 153.4 -11.35 0.88415 262.24 -12.172 0.93004 371.08 -3.0294 0.047401
77586 75.6 73.34 71.08 68.82 66.56 64.3 62.04 59.78 57.52 55.26 53 95.414 2851.8 145.85 -11.8 0.9619 262.26 -14.861 0.77491 378.67 9.5191 0.86869
78139 75.6 73.34 71.08 68.82 66.56 64.3 62.04 59.78 57.52 55.26 53 102.46 2742.8 138.81 8.375 0.93401 262.28 -11.103 0.56882 385.74 -0.91828 0.011902
80121 75.6 73.34 71.08 68.82 66.56 64.3 62.04 59.78 57.52 55.26 53 123.28 3317.8 118.04 -12.614 0.40774 262.32 -13.726 0.51826 406.61 -9.061 0.89065
77612 75.6 73.34 71.08 68.82 66.56 64.3 62.04 59.78 57.52 55.26 53 108.58 3037.3 132.71 -1.4959 0.45872 262.29 4.8583 0.77029 391.87 -4.4935 0.66201
77919 75.6 73.34 71.08 68.82 66.56 64.3 62.04 59.78 57.52 55.26 53 95.595 2512.5 145.6 -5.0151 0.58633 262.26 -8.6381 0.41414 379.92 9.496 0.70707
79031 75.6 73.34 71.08 68.82 66.56 64.3 62.04 59.78 57.52 55.26 53 115.58 3259.9 125.73 5.3812 0.73021 262.31 1.8543 0.48103 398.88 -2.1491 0.72104
78946 75.6 73.34 71.08 68.82 66.56 64.3 62.04 59.78 57.52 55.26 53 105.44 3210.6 135.84 -8.1301 0.6543 262.28 1.5636 0.46437 388.73 -0.1661 0.4569
84792 75.6 73.34 71.08 68.82 66.56 64.3 62.04 59.78 57.52 55.26 53 93.425 5597.3 147.83 -6.5256 0.43074 262.26 -1.4638 0.76428 376.68 9.5453 0.12299
78078 75.6 73.34 71.08 68.82 66.56 64.3 62.04 59.78 57.52 55.26 53 121.39 2788.8 119.93 5.1361 0.71521 262.32 4.2618 0.41905 404.7 -3.2771 0.81614
82656 75.6 73.34 71.08 68.82 66.56 64.3 62.04 59.78 57.52 55.26 53 107.72 4128.1 131.81 0.7009 0.67611 262.27 -9.2234 0.30293 394.46 3.2099 0.38011
78316 75.6 73.34 71.08 68.82 66.56 64.3 62.04 59.78 57.52 55.26 53 99.01 2641.6 142.26 -3.2602 0.37613 262.27 8.0118 0.30625 382.28 6.4513 0.51542
78413 75.6 73.34 71.08 68.82 66.56 64.3 62.04 59.78 57.52 55.26 53 113.31 3610.3 127.99 -12.495 0.62596 262.3 4.8283 0.72975 396.61 11.723 0.9823
79181 75.6 73.34 71.08 68.82 66.56 64.3 62.04 59.78 57.52 55.26 53 106.62 4127.9 134.67 -11.493 0.62354 262.29 4.3721 0.69322 389.9 11.602 0.84364
79406 75.6 73.34 71.08 68.82 66.56 64.3 62.04 59.78 57.52 55.26 53 88.005 4835.8 145.57 2.7079 0.68301 262.25 9.6505 0.65613 380.57 -8.472 0.54165
77952 75.6 73.34 71.08 68.82 66.56 64.3 62.04 59.78 57.52 55.26 53 100.43 2708.6 140.84 7.8428 0.63107 262.27 -12.303 0.080862 383.71 8.3172 0.90514
82266 75.6 73.34 71.08 68.82 66.56 64.3 62.04 59.78 57.52 55.26 53 69.358 6268.7 171.84 -4.0711 0.20752 262.2 2.2959 0.37693 352.56 -0.72028 0.56753
78898 75.6 73.34 71.08 68.82 66.56 64.3 62.04 59.78 57.52 55.26 53 83.901 3425.1 155.93 -8.9311 0.79986 262.24 -8.065 0.7609 380.6 0.068207 0.65095
79160 75.6 73.34 71.08 68.82 66.56 64.3 62.04 59.78 57.52 55.26 53 84.944 4647.4 157.21 7.9781 0.50717 262.24 3.7114 0.78909 369.19 -3.1707 0.83876
77626 75.6 73.34 71.08 68.82 66.56 64.3 62.04 59.78 57.52 55.26 53 119.53 2637.4 121.79 0.00067307 0.47992 262.31 12.142 0.60987 402.84 3.53 0.85944
79514 75.6 73.34 71.08 68.82 66.56 64.3 62.04 59.78 57.52 55.26 53 125.77 3049.5 115.56 11.841 0.53187 262.33 2.2079 0.12241 409.1 1.0558 0.91235
81418 75.6 73.34 71.08 68.82 66.56 64.3 62.04 59.78 57.52 55.26 53 124.11 3201.6 117.22 -4.8488 0.32897 262.32 5.5063 0.099347 407.43 -12.802 0.64846
83461 79.503 96.988 96.733 71.259 53.23 51.615 51.36 51.105 50.849 50.594 50.339 68.356 2634.9 47.612 9.1987 0.042201 136.08 -14.704 0.072314 477.35 -14.388 0.0050894
79174 75.6 73.34 71.08 68.82 66.56 64.3 62.04 59.78 57.52 55.26 53 99.082 4356.4 142.19 1.7525 0.57523 262.27 -10.271 0.82311 382.35 8.3661 0.66327
80217 75.6 73.34 71.08 68.82 66.56 64.3 62.04 59.78 57.52 55.26 53 78.402 3332.8 162.92 4.1417 0.35348 262.22 7.2881 0.49416 361.58 -11.921 0.64184
81726 75.6 73.34 71.08 68.82 66.56 64.3 62.04 59.78 57.52 55.26 53 78.821 5626.5 160.92 -4.169 0.68927 262.23 4.4931 0.16651 362.48 0.48665 0.30462
80916 75.6 73.34 71.08 68.82 66.56 64.3 62.04 59.78 57.52 55.26 53 83.684 4871.6 158.4 -9.6993 0.21654 262.26 -3.1819 0.7007 382.51 -5.3577 0.23334
80992 75.6 73.34 71.08 68.82 66.56 64.3 62.04 59.78 57.52 55.26 53 107.73 4212.3 123.78 -7.5029 0.82245 262.32 3.3473 0.82735 401.89 -7.8712 0.32469
80639 75.6 73.34 71.08 68.82 66.56 64.3 62.04 59.78 57.52 55.26 53 82.158 5362.7 159.07 7.4727 0.36772 262.23 6.1478 0.80176 365.39 -1.8217 0.61876
78162 75.6 73.34 71.08 68.82 66.56 64.3 62.04 59.78 57.52 55.26 53 123.54 3229.8 117.78 -5.6635 0.52853 262.32 -10.03 0.60198 406.87 -7.1109 0.65408
80618 75.6 73.34 71.08 68.82 66.56 64.3 62.04 59.78 57.52 55.26 53 85.113 4683.4 153.03 -2.7253 0.39637 262.21 5.9512 0.35863 371.84 7.4762 0.51594
79301 75.6 73.34 71.08 68.82 66.56 64.3 62.04 59.78 57.52 55.26 53 119.22 3235.7 122.1 3.4844 0.64102 262.31 6.5801 0.39737 402.53 -2.6982 0.86461
79404 75.6 73.34 71.08 68.82 66.56 64.3 62.04 59.78 57.52 55.26 53 84.542 5161.7 124.16 -2.2003 0.84991 262.23 0.53172 0.59466 376.88 -2.8755 0.56288
78611 75.6 73.34 71.08 68.82 66.56 64.3 62.04 59.78 57.52 55.26 53 92.354 3223.1 148.54 -8.7358 0.82266 262.25 1.7057 0.40861 377.79 4.2425 0.29959
81217 75.6 73.34 71.08 68.82 66.56 64.3 62.04 59.78 57.52 55.26 53 102.76 3698.3 138.51 5.2587 0.45198 262.28 -2.9122 0.46525 386.04 6.2289 0.47122
82023 75.6 73.34 71.08 68.82 66.56 64.3 62.04 59.78 57.52 55.26 53 71.138 3350.2 170.64 -11.614 0.95036 262.2 -13.497 0.76413 378.07 -5.968 0.48922
80326 75.6 73.34 71.08 68.82 66.56 64.3 62.04 59.78 57.52 55.26 53 79.669 2838.9 161.56 -10.871 0.19393 262.23 -7.9023 0.40973 362.89 -13.021 0.90277
78368 75.6 73.34 71.08 68.82 66.56 64.3 62.04 59.78 57.52 55.26 53 86.138 4196.2 144.28 -1.207 0.54592 262.23 -0.55091 0.9426 373.14 0.51946 0.82903
78339 75.6 73.34 71.08 68.82 66.56 64.3 62.04 59.78 57.52 55.26 53 94.299 3015.9 132.71 -10.747 0.6902 262.25 10.352 0.67615 378.23 -2.4665 0.22398
79684 75.6 73.34 71.08 68.82 66.56 64.3 62.04 59.78 57.52 55.26 53 106.41 4466.9 134.87 -4.1651 0.52482 262.29 -8.7447 0.57513 389.7 -9.8467 0.65433
81993 75.6 73.34 71.08 68.82 66.56 64.3 62.04 59.78 57.52 55.26 53 69.925 5292.2 171.28 -0.68508 0.60887 262.2 3.4907 0.17667 353.13 2.7434 0.14469
83115 75.6 73.34 71.08 68.82 66.56 64.3 62.04 59.78 57.52 55.26 53 65.051 5411.1 165.93 -12.036 0.67736 262.19 10.252 0.84374 359.31 -3.074 0.75879
80128 75.6 73.34 71.08 68.82 66.56 64.3 62.04 59.78 57.52 55.26 53 83.715 3465.9 156.41 -1.6624 0.13545 262.26 -0.54737 0.29581 370.46 13.717 0.18033
77779 75.6 73.34 71.08 68.82 66.56 64.3 62.04 59.78 57.52 55.26 53 118.89 3247.2 122.42 -1.8602 0.71647 262.31 -0.021353 0.76958 402.2 -3.6541 0.75002
81502 75.6 73.34 71.08 68.82 66.56 64.3 62.04 59.78 57.52 55.26 53 91.118 5211.2 150.13 -0.53837 0.39397 262.25 -6.5313 0.52323 374.37 3.8631 0.62986
80302 75.6 73.34 71.08 68.82 66.56 64.3 62.04 59.78 57.52 55.26 53 83.645 4571.6 157.59 -3.8372 0.52127 262.23 2.6564 0.32503 366.88 5.3416 0.32009
85965 80.325 96.666 96.383 71.226 52.071 51.788 51.506 51.223 51.815 50.658 50.375 61.99 2929.7 55.67 -12.104 0.9916 137.78 -10.476 0.024015 469.26 -14.479 0.087073
81980 75.6 73.34 71.08 68.82 66.56 64.3 62.04 59.78 57.52 55.26 53 69.717 6256.5 171.49 1.3464 0.17523 262.2 9.0968 0.6353 352.92 -4.0959 0.53376
80441 75.836 74.768 72.629 68.967 66.362 63.534 61.395 59.256 57.117 54.978 52.839 84.627 4737.6 149.04 9.4501 0.45888 254.62 -3.8287 0.63546 375.46 6.0464 0.49219
81930 75.6 73.34 71.08 68.82 66.56 64.3 62.04 59.78 57.52 55.26 53 90.824 4797.5 150.43 -2.9812 0.56817 262.25 -8.418 0.20579 374.07 -5.4195 0.19561
82101 75.6 73.34 71.08 68.82 66.56 64.3 62.04 59.78 57.52 55.26 53 75.264 5908.4 158.69 -3.9683 0.11035 262.22 -0.52828 0.50976 367.52 -10.857 0.39226
81531 75.6 73.34 71.08 68.82 66.56 64.3 62.04 59.78 57.52 55.26 53 88.509 4877.3 152.74 -3.7658 0.44904 262.25 0.78057 0.50221 371.75 2.4583 0.17567
78579 75.6 73.34 71.08 68.82 66.56 64.3 62.04 59.78 57.52 55.26 53 85.16 2934.3 147.31 -6.5211 0.59623 262.25 -7.75 0.86369 377.06 6.244 0.93633
82012 75.6 73.34 71.08 68.82 66.56 64.3 62.04 59.78 57.52 55.26 53 73.004 5621.9 168.21 2.7775 0.62104 262.21 -0.86292 0.23908 356.21 14.788 0.22108
79814 75.6 73.34 71.08 68.82 66.56 64.3 62.04 59.78 57.52 55.26 53 81.499 3524.7 159.73 -11.434 0.85442 262.23 -10.407 0.83268 364.73 2.0287 0.16223
82269 75.6 73.34 71.08 68.82 66.56 64.3 62.04 59.78 57.52 55.26 53 85.466 4967.7 155.77 11.17 0.29575 262.24 -10.528 0.092548 368.7 2.7896 0.44886
82414 75.6 73.34 71.08 68.82 66.56 64.3 62.04 59.78 57.52 55.26 53 74.496 6543.9 166.72 -5.8175 0.65798 262.21 -6.1632 0.34801 357.71 6.1692 0.5828
80093 77.596 85.435 84.201 70.068 59.047 57.812 56.578 55.343 54.108 52.874 51.639 86.752 3563 90.437 -0.02137 0.072753 197.74 -12.158 0.21357 434.33 -1.3742 0.43889
81949 75.6 73.34 71.08 68.82 66.56 64.3 62.04 59.78 57.52 55.26 53 71.77 6082.8 169.44 3.055 0.13537 262.21 6.9502 0.16725 354.98 -9.68 0.85119
77917 75.6 73.34 71.08 68.82 66.56 64.3 62.04 59.78 57.52 55.26 53 118.63 2842.3 122.68 3.7091 0.66002 262.31 4.3902 0.49462 401.94 -3.5389 0.78298
80497 75.6 73.34 71.08 68.82 66.56 64.3 62.04 59.78 57.52 55.26 53 115.71 3654.9 125 -6.8997 0.43968 262.31 -3.5537 0.69769 401.09 -7.3533 0.67307
80704 75.6 73.34 71.08 68.82 66.56 64.3 62.04 59.78 57.52 55.26 53 74.746 6068.1 164.52 -9.4709 0.88471 262.22 -8.1771 0.71738 358.72 0.20774 0.6921
78775 75.6 73.34 71.08 68.82 66.56 64.3 62.04 59.78 57.52 55.26 53 103.36 3506.3 132.6 3.1633 0.48165 262.29 11.46 0.54302 394.26 8.6375 0.6174
85898 78.149 88.783 87.832 70.413 57.547 56.017 55.645 54.115 53.164 52.213 51.262 61.126 4334.6 98.279 -10.316 0.62369 179.83 -7.2881 0.32769 426.46 -9.6549 0.038214
79869 75.6 73.34 71.08 68.82 66.56 64.3 62.04 59.78 57.52 55.26 53 85.928 4812.7 155.29 6.7697 0.06971 262.24 -6.2088 0.63574 369.25 5.9875 0.90442
84116 78.798 92.443 91.803 70.79 58.7 54.63 53.754 52.772 52.177 51.491 50.85 67.199 2750.7 72.834 -11.968 0.44847 160.32 -12.82 0.25309 452.02 -9.0203 0.15752
79874 75.6 73.34 71.08 68.82 66.56 64.3 62.04 59.78 57.52 55.26 53 92.086 4506 131.08 -9.7579 0.56114 262.23 -11.081 0.30342 395.58 -7.3412 0.5573
77700 75.6 73.34 71.08 68.82 66.56 64.3 62.04 59.78 57.52 55.26 53 100.08 2810.3 141.19 -9.5145 0.86854 262.27 -9.6304 0.74294 383.36 8.359 0.8669
77856 75.6 73.34 71.08 68.82 66.56 64.3 62.04 59.78 57.52 55.26 53 91.64 3522.4 149.61 -2.4376 0.56518 262.25 -6.2395 0.88873 374.89 3.7585 0.86855
81396 75.6 73.34 71.08 68.82 66.56 64.3 62.04 59.78 57.52 55.26 53 73.9 5115.4 163.9 2.3327 0.7947 262.2 -2.7835 0.40489 356.98 1.8844 0.43862
80729 75.6 73.34 71.08 68.82 66.56 64.3 62.04 59.78 57.52 55.26 53 109.14 6451.4 120.29 -7.2841 0.51992 262.26 -12.559 0.52746 393.58 -7.0772 0.87504
79950 75.6 73.34 71.08 68.82 66.56 64.3 62.04 59.78 57.52 55.26 53 83.648 5123.4 153.36 10.417 0.94189 262.21 -9.8578 0.83431 367.96 7.6768 0.80837
82226 75.6 73.34 71.08 68.82 66.56 64.3 62.04 59.78 57.52 55.26 53 92.507 4908.6 148.75 -12.664 0.58739 262.25 -0.34291 0.17257 375.76 2.1867 0.32047
78238 75.6 73.34 71.08 68.82 66.56 64.3 62.04 59.78 57.52 55.26 53 98.494 3943.4 142.77 -2.1356 0.56391 262.27 3.7036 0.64521 381.76 0.77212 0.72578
82443 75.6 73.34 71.08 68.82 66.56 64.3 62.04 59.78 57.52 55.26 53 88.196 5500.1 153.05 1.478 0.87304 262.24 11.956 0.62468 371.44 -10.847 0.21721
80821 75.6 73.34 71.08 68.82 66.56 64.3 62.04 59.78 57.52 55.26 53 136.05 3188.2 105.3 1.2741 0.68143 262.35 -13.884 0.8076 419.4 7.4028 0.11947
78790 75.6 73.34 71.08 68.82 66.56 64.3 62.04 59.78 57.52 55.26 53 89.986 3014 139.76 -4.3223 0.73644 262.29 2.2311 0.72791 387.97 0.2279 0.12005
82318 75.6 73.34 71.08 68.82 66.56 64.3 62.04 59.78 57.52 55.26 53 69.055 3259.4 139.94 -6.2038 0.47989 262.28 -4.4341 0.53199 351.39 -4.5175 0.83384
79920 75.6 73.34 71.08 68.82 66.56 64.3 62.04 59.78 57.52 55.26 53 80.047 3854 161.18 1.8294 0.35275 262.23 1.7848 0.27103 363.27 -5.7889 0.56574
82029 75.6 73.34 71.08 68.82 66.56 64.3 62.04 59.78 57.52 55.26 53 69.952 4326.7 171 -0.83771 0.41807 262.2 -3.0011 0.41772 352.23 3.0728 0.92546
80000 75.6 73.34 71.08 68.82 66.56 64.3 62.04 59.78 57.52 55.26 53 81.292 3000.7 159.94 -11.026 0.21139 262.23 -6.0672 0.43103 364.52 -11.423 0.88836
79850 75.6 73.34 71.08 68.82 66.56 64.3 62.04 59.78 57.52 55.26 53 93.84 5017.5 147.42 4.6003 0.68134 262.26 -2.4967 0.61379 377.1 -4.497 0.53728
78653 77.605 83.239 81.818 69.841 60.411 58.99 57.569 56.149 55.099 53.307 51.886 90.545 2837.8 98.283 -6.51 0.6597 209.46 -2.1439 0.48427 426.45 -8.3946 0.4162
80106 75.6 73.34 71.08 68.82 66.56 64.3 62.04 59.78 57.52 55.26 53 75.906 4464.7 152.5 6.2641 0.73072 262.24 5.1085 0.93704 359.01 -9.357 0.69794
82313 75.6 73.34 71.08 68.82 66.56 64.3 62.04 59.78 57.52 55.26 53 100.56 5116.5 140.72 2.4027 0.016983 262.27 -11.374 0.86271 383.83 -0.4711 0.84486
82037 75.6 73.34 71.08 68.82 66.56 64.3 62.04 59.78 57.52 55.26 53 68.903 4728.3 171.3 -0.14983 0.14761 262.2 -13.351 0.85071 353.11 1.8168 0.92961
78227 75.6 73.34 72.08 68.82 66.56 64.3 62.04 59.78 58.52 56.26 53 102.46 2742.8 138.81 8.375 0.93401 263.28 -11.103 0.56882 386.74 -0.91828 0.011902
79136 75.6 73.34 71.08 68.82 66.56 64.3 62.04 59.78 57.52 55.26 53 106.6 3251.1 127.46 -3.2959 0.31033 262.3 8.7179 0.39984 406.11 -12.322 0.8081
83743 78.247 89.378 88.478 70.474 56.598 63.434 54.797 53.897 52.996 52.096 51.195 67.343 3004.7 88.922 -6.5002 0.24884 176.66 -7.9407 0.26313 435.86 -14.432 0.13896
77798 75.6 73.34 71.08 68.82 66.56 64.3 62.04 59.78 57.52 55.26 53 93.986 3338.3 146.13 -5.7051 0.83938 262.26 -7.8373 0.8285 378.1 7.1969 0.80813
79375 75.6 73.34 71.08 68.82 66.56 64.3 62.04 59.78 57.52 55.26 53 83.734 3028.4 157.5 -5.4367 0.42417 262.23 0.23575 0.085516 365.97 -7.1255 0.80102
77517 75.6 73.34 71.08 68.82 66.56 64.3 62.04 59.78 57.52 55.26 53 98.391 3096.6 143.86 -6.2781 0.65825 262.26 -13.967 0.77439 380.73 -2.1572 0.87748
80350 75.6 73.34 71.08 68.82 66.56 64.3 62.04 59.78 57.52 55.26 53 101.32 3869.3 139.95 -5.3546 0.064066 262.27 3.8641 0.24585 384.6 0.76064 0.59751
79422 75.6 74.34 71.08 68.82 66.56 65.3 62.04 60.78 57.52 55.26 53 83.734 3028.4 157.5 -5.4367 0.42417 262.23 0.23575 0.085516 366.97 -7.1255 0.80102
83174 75.6 73.34 71.08 68.82 66.56 64.3 62.04 59.78 57.52 55.26 53 66.275 4339.7 174.83 3.2738 0.57849 262.19 2.4616 0.27974 349.43 -4.3501 0.66731
79755 75.6 73.34 71.08 68.82 66.56 64.3 62.04 59.78 57.52 55.26 53 118.71 3362 122.87 1.5945 0.60144 262.31 -11.063 0.39765 401.18 -4.1587 0.7217
80563 75.6 73.34 71.08 68.82 66.56 64.3 62.04 59.78 57.52 55.26 53 121.68 3531.3 111.6 14.002 0.72884 262.34 5.9733 0.28831 420.28 -2.4204 0.73256
83997 75.6 73.34 71.08 68.82 66.56 64.3 62.04 59.78 57.52 55.26 53 87.771 5709.1 153.47 1.2694 0.35245 262.24 9.0035 0.93551 371.01 -1.0462 0.17269
81359 77.3 79.126 83.613 69.339 59.641 64.068 60.519 54.964 55.932 52.488 52.486 72.039 4457.3 68.915 -13.255 0.61942 238.25 -7.3624 0.22228 401.05 -4.4218 0.075337
83176 75.6 73.34 71.08 68.82 67.56 65.3 62.04 58.78 57.52 55.26 53 84.35 5302.1 157.88 -8.7677 0.30125 262.23 -0.8723 0.23049 366.58 10.329 0.19476
83967 75.6 73.34 71.08 68.82 66.56 64.3 62.04 59.78 57.52 55.26 53 136.98 2877.4 103.37 4.5405 0.23124 262.36 -2.8953 0.12202 421.34 -6.9468 0.25785
80161 75.6 73.34 71.08 68.82 66.56 64.3 62.04 59.78 57.52 55.26 53 86.163 2907.4 155.08 -1.2589 0.11871 262.24 14.739 0.3446 369.4 -5.6468 0.097961
80726 75.6 73.34 71.08 68.82 66.56 64.3 62.04 59.78 57.52 55.26 53 79.179 6014.1 162.04 -5.7047 0.70034 262.22 7.7592 0.59521 362.4 -2.4031 0.73134
83107 75.6 73.34 71.08 69.82 67.56 65.3 62.04 60.78 58.52 55.26 52 68.497 3252.3 173.7 -3.8277 0.19812 262.2 -0.30937 0.33949 351.7 13.549 0.92033
80667 75.6 73.34 71.08 68.82 67.56 64.3 62.04 59.78 57.52 55.26 53 94.443 4296.7 147.81 -2.496 0.65686 262.26 3.8392 0.29198 377.7 -2.0505 0.015487
81799 75.6 74.34 71.08 69.82 67.56 65.3 62.04 60.78 57.52 55.26 53 82.006 5740.8 159.22 11.334 0.58243 263.23 -11.88 0.92275 365.24 9.0112 0.28595
80512 75.6 73.34 71.08 68.82 66.56 64.3 62.04 59.78 57.52 55.26 53 93.132 4285.6 148.12 -8.8521 0.68987 262.25 -9.4529 0.15404 376.39 -0.28347 0.26766
80416 75.6 73.34 71.08 68.82 66.56 64.3 63.04 59.78 57.52 55.26 53 85.896 4409.5 155.34 -11.254 0.024434 262.24 -5.2944 0.31752 369.13 4.6107 0.95694
77640 75.6 73.34 71.08 68.82 66.56 65.3 62.04 60.78 57.52 55.26 53 119.53 2638.4 122.79 0.00067307 0.47992 262.31 12.142 0.60987 402.84 3.53 0.85944
86316 75.6 73.34 71.08 69.82 66.56 64.3 62.04 59.78 57.52 55.26 53 61.312 5081.7 178.87 12.936 0.72866 262.19 7.1353 0.063405 345.5 10.813 0.93441
77883 75.6 73.34 71.08 68.82 66.56 64.3 62.04 59.78 57.52 55.26 53 97.738 3682.2 143.53 -0.47579 0.65549 262.26 -14.165 0.83457 381 3.0864 0.68436
80583 75.6 73.34 71.08 68.82 66.56 64.3 62.04 59.78 57.52 55.26 53 81.927 4860.4 159.3 8.4649 0.16126 262.23 -1.8058 0.19149 365.16 -11.623 0.65622
81146 75.6 73.34 71.08 68.82 66.56 64.3 62.04 59.78 57.52 55.26 53 76.747 3261.3 118.44 0.84157 0.35081 262.3 -5.7048 0.39264 415.66 -4.3781 0.31532
79161 75.6 74.34 71.08 69.82 67.56 65.3 62.04 59.78 57.52 56.26 53 85.398 3383.1 155.84 -5.5071 0.21756 262.24 -6.4687 0.89292 368.64 6.0967 0.55574
79064 75.6 74.34 71.08 69.82 66.56 64.3 63.04 60.78 58.52 55.26 54 90.508 3195.7 151.74 -10.166 0.75811 263.25 11.133 0.35078 373.76 5.5661 0.29415
82740 75.6 73.34 71.08 68.82 66.56 64.3 62.04 59.78 57.52 55.26 53 68.618 4145.6 172.58 -9.6568 0.51822 262.2 -9.3527 0.71772 351.82 -5.0775 0.81216
79069 75.6 73.34 71.08 68.82 66.56 64.3 62.04 59.78 57.52 55.26 53 110.28 4031.3 131.01 -0.23826 0.54574 262.29 -10.94 0.70436 393.58 -1.965 0.53658
79087 75.6 73.34 71.08 68.82 66.56 64.3 62.04 59.78 57.52 55.26 53 82.204 4134 131.62 6.1856 0.70215 262.32 11.179 0.5516 398.79 -2.7771 0.59697
83170 75.6 73.34 71.08 68.82 66.56 64.3 62.04 59.78 57.52 55.26 53 66.048 6000.8 175.15 -8.6342 0.10335 262.19 8.0317 0.2082 349.24 -3.3138 0.53609
82832 75.6 73.34 71.08 68.82 66.56 64.3 62.04 59.78 57.52 55.26 53 68.802 3445.3 172.4 9.4537 0.18143 262.2 -9.7546 0.66835 352 11.462 0.51985
77588 75.6 73.34 70.08 68.82 66.56 64.3 62.04 59.78 57.52 55.26 53 95.414 2851.8 145.85 -11.8 0.9619 262.26 -14.861 0.77491 378.67 9.5191 0.86869
85132 75.6 73.34 71.08 68.82 66.56 64.3 62.04 59.78 57.52 55.26 53 131.36 3927.9 108.98 -13.967 0.43874 262.34 -2.5532 0.76552 414.7 8.856 0.18687
78564 76.6 74.34 71.08 69.82 66.56 64.3 62.04 59.78 57.52 54.26 53 125.74 3387.7 116.59 -1.1024 0.88777 262.33 -3.2645 0.76911 409.07 -3.0962 0.80851
83448 75.6 73.34 71.08 68.82 66.56 64.3 62.04 59.78 57.52 55.26 53 64.597 6010.8 176.59 2.236 0.74125 262.19 -11.856 0.12789 347.79 1.4862 0.48523
77596 75.6 73.34 71.08 68.82 67.56 64.3 62.04 59.78 57.52 55.26 53 95.414 2851.8 145.85 -11.8 0.9619 262.26 -14.861 0.77491 378.67 9.5191 0.86869
85190 75.6 73.34 71.08 68.82 66.56 64.3 62.04 59.78 57.52 55.26 53 84.01 5869.2 157.22 8.6989 0.31852 262.23 0.021924 0.089951 367.25 -11.649 0.13629
79366 75.6 73.34 71.08 68.82 66.56 64.3 62.04 59.78 57.52 55.26 53 85.044 4242.8 156.19 -1.9085 0.51552 262.24 -5.6008 0.10351 368.28 5.1084 0.51831
80670 75.6 73.34 71.08 68.82 66.56 64.3 62.04 59.78 57.52 55.26 53 85.766 4708.9 154.47 -4.8684 0.90005 262.24 -3.9226 0.1112 369 8.4076 0.38974
80174 75.6 73.34 71.08 68.82 66.56 64.3 62.04 59.78 57.52 55.26 53 107.53 3928.8 132.93 -2.1429 0.48652 262.29 4.5494 0.77312 390.39 0.57867 0.68479
81797 75.6 73.34 71.08 68.82 66.56 64.3 62.04 59.78 57.52 55.26 53 77.744 5388.6 164.14 9.9314 0.43499 262.22 11.919 0.6848 361.28 -6.4736 0.077981
79185 75.6 73.34 71.08 68.82 66.56 64.3 62.04 59.78 57.52 55.26 53 86.557 3964.5 154.68 -0.84006 0.5588 262.24 -8.5026 0.40959 369.8 8.3598 0.79515
86078 75.6 73.34 71.08 68.82 66.56 64.3 62.04 59.78 57.52 55.26 53 106.69 4599.2 134.59 -0.075834 0.3679 262.29 -5.9213 0.42774 389.98 10.63 0.37945
81770 75.6 73.34 71.08 68.82 66.56 64.3 62.04 59.78 57.52 55.26 53 70.357 4579.7 167.93 5.8371 0.81926 262.2 -4.907 0.22833 356.77 -4.234 0.7836
80484 75.6 73.34 71.08 68.82 66.56 64.3 62.04 59.78 57.52 55.26 53 82.375 4853.9 158.85 1.9006 0.4811 262.23 -1.4987 0.41268 365.61 -4.4443 0.70511
87183 75.6 73.34 71.08 68.82 66.56 64.3 62.04 59.78 57.52 55.26 53 105.45 4985.2 135.83 1.4793 0.33042 262.28 3.5842 0.36064 388.73 8.6953 0.4139
81487 75.6 73.34 71.08 68.82 66.56 64.3 62.04 59.78 57.52 55.26 53 89.456 4629.8 151.79 -8.9334 0.48872 262.25 9.6278 0.82452 372.7 -5.1936 0.2588
77620 75.6 73.34 71.08 68.82 66.56 64.3 62.04 59.78 57.52 55.26 53 100.93 2802.8 140.34 -9.1015 0.85167 262.27 -8.6856 0.73717 384.2 8.1494 0.86658
78616 75.6 72.34 72.08 69.82 66.56 64.3 62.04 59.78 57.52 56.26 53 106.89 3175 135.4 -6.1356 0.044454 262.29 7.648 0.24279 390.17 -1.7279 0.6878
82268 74.6 73.34 71.08 68.82 66.56 64.3 62.04 59.78 57.52 55.26 53 71.177 4395 170.03 6.7733 0.37036 262.2 10.247 0.73423 354.38 2.1308 0.17686
81866 75.6 73.34 71.08 68.82 66.56 65.3 62.04 59.78 57.52 55.26 53 75.322 5381.4 165.89 -8.8207 0.94793 262.21 -12.538 0.10571 358.54 -10.739 0.16646
82125 75.6 73.34 71.08 68.82 66.56 64.3 63.04 59.78 57.52 55.26 53 70.136 5911.4 172.06 4.6649 0.10976 262.2 13.013 0.18746 352.34 -7.0146 0.79783
80663 75.6 73.34 71.08 69.82 66.56 64.3 61.04 59.78 57.52 55.26 53 80.623 3266.9 160.6 -3.096 0.073995 262.23 5.5229 0.40239 363.85 14.485 0.40218
77620 75.6 73.34 71.08 68.82 66.56 64.3 62.04 59.78 57.52 55.26 53 100.93 2802.8 140.34 -9.1015 0.85167 262.27 -8.6856 0.73717 384.2 8.1494 0.86658
79050 75.6 73.34 71.08 68.82 66.56 64.3 62.04 59.78 57.52 55.26 53 81.928 4255.5 146.48 4.0444 0.5276 262.23 7.1412 0.91296 372.16 0.38652 0.76352
77348 75.6 73.34 71.08 68.82 66.56 64.3 62.04 59.78 57.52 55.26 53 102.74 2904.4 139.02 -8.5839 0.81939 262.27 -8.6727 0.60062 388.36 0.28399 0.72592
78057 75.6 73.34 71.08 68.82 66.56 64.3 62.04 59.78 57.52 55.26 53 92.011 3504.8 148.4 -4.4118 0.7648 262.25 -8.0142 0.71714 375.9 7.506 0.80468
77586 75.6 73.34 71.08 68.82 66.56 64.3 62.04 59.78 57.52 55.26 53 95.414 2851.8 145.85 -11.8 0.9619 262.26 -14.861 0.77491 378.67 9.5191 0.86869
77854 75.6 73.34 71.08 68.82 66.56 64.3 62.04 59.78 57.52 55.26 53 92.011 3488.2 149.24 -2.0048 0.56795 262.25 -6.4948 0.85472 375.26 3.9504 0.87009
77596 75.6 73.34 71.08 68.82 67.56 64.3 62.04 59.78 57.52 55.26 53 95.414 2851.8 145.85 -11.8 0.9619 262.26 -14.861 0.77491 378.67 9.5191 0.86869
84663 76.487 77.067 82.708 69.944 62.22 61.983 61.473 55.949 54.144 52.567 51.826 63.019 4294.3 101.05 -8.6705 0.7998 253.95 -1.5937 0.70502 416.22 -9.6119 0.095558
82796 75.6 73.34 71.08 68.82 67.519 65.26 62.04 58.821 57.52 55.26 53 84.109 5222.3 158.09 -8.2446 0.30336 262.23 -0.54158 0.24117 366.38 9.4275 0.21288
78934 75.6 73.34 70.565 68.82 66.56 64.3 62.04 59.78 57.52 55.26 53 84.795 4491.6 155.67 3.8244 0.69561 262.24 -4.3441 0.68021 370.62 -10.506 0.77609
77517 75.6 73.34 71.08 68.82 66.56 64.3 62.04 59.78 57.52 55.26 53 98.391 3096.6 143.86 -6.2781 0.65825 262.26 -13.967 0.77439 380.73 -2.1572 0.87748
78491 75.6 72.701 71.719 69.459 66.56 64.3 62.04 59.78 57.52 55.899 53 107.5 3125.2 134.43 -4.4591 0.19415 262.29 6.6399 0.4334 390.79 -2.7273 0.67848
82784 75.6 73.34 71.08 68.82 66.56 64.3 62.04 59.78 57.52 55.26 53 67.824 5861.5 173.37 2.4438 0.69511 262.2 -7.6364 0.17056 351.02 6.5917 0.38384
77612 75.6 73.34 71.08 68.82 66.56 64.3 62.04 59.78 57.52 55.26 53 108.58 3037.3 132.71 -1.4959 0.45872 262.29 4.8583 0.77029 391.87 -4.4935 0.66201
77642 75.6 73.34 71.08 68.82 66.56 64.3 62.04 59.78 57.52 55.26 53 117.75 3219.1 123.56 -2.3183 0.72502 262.31 -0.56949 0.76753 401.06 -2.9074 0.75739
80075 75.6 73.34 71.08 69.147 66.887 64.627 62.04 60.107 57.847 55.26 52.673 75.691 5112.2 165.85 -5.0918 0.53634 262.22 5.1244 0.5117 358.91 2.8062 0.79306
77640 75.6 73.34 71.08 68.82 66.56 65.3 62.04 60.78 57.52 55.26 53 119.53 2638.4 122.79 0.00067307 0.47992 262.31 12.142 0.60987 402.84 3.53 0.85944
77677 75.6 73.34 71.08 68.82 66.56 64.3 62.04 59.78 57.52 55.26 53 98.243 2527.8 142.27 -2.477 0.54985 262.29 -7.4771 0.49083 390.06 1.3973 0.70504
80091 75.6 73.34 71.08 68.82 66.56 65.037 62.04 60.517 57.52 55.26 53 106.99 3542.7 135.03 0.80249 0.38947 262.29 10.779 0.49367 390.27 0.062077 0.85728
79738 75.81 73.781 71.08 69.211 66.56 64.3 62.04 59.78 57.52 54.931 53 118.48 3265.1 118.42 -0.51253 0.85889 262.3 -4.3103 0.68793 411.12 -4.2942 0.32871
77588 75.6 73.34 70.08 68.82 66.56 64.3 62.04 59.78 57.52 55.26 53 95.414 2851.8 145.85 -11.8 0.9619 262.26 -14.861 0.77491 378.67 9.5191 0.86869
79235 75.6 73.34 71.08 68.82 66.56 64.3 62.04 59.78 57.52 55.26 53 86.666 4914.6 138.91 -2.2452 0.84704 262.24 0.27558 0.76074 375.3 2.4156 0.63748
77448 77.036 80.43 78.771 69.551 62.156 60.497 58.838 57.179 55.786 53.861 52.202 98.681 2950.7 105.04 -3.6739 0.6544 224.46 0.33177 0.45961 419.66 -6.7781 0.54345
78687 75.6 73.34 71.08 68.82 66.56 64.3 62.04 59.78 57.52 55.26 53 92.367 2526.4 145.77 -4.985 0.44683 262.25 -8.9962 0.16563 376.23 6.2673 0.51118
76676 75.6 73.34 71.08 68.82 66.56 64.3 62.04 59.78 57.52 55.26 53 114.1 2844.2 127.2 0.68279 0.71893 262.3 0.6338 0.54931 397.4 -0.99092 0.7997
77477 75.6 73.34 71.08 68.82 66.56 64.3 62.04 59.78 57.52 55.26 53 98.458 3085 142.73 -4.1824 0.63892 262.27 -12.687 0.76319 383.68 1.0538 0.89465
79460 75.6 73.34 71.08 68.82 66.56 64.3 62.04 59.78 57.52 55.26 53 86.392 3962 154.85 -6.7219 0.40227 262.24 -7.3249 0.31052 369.63 -8.211 0.51772
77590 75.6 73.34 70.185 68.82 67.156 64.3 62.04 59.78 57.52 55.26 53 95.414 2851.8 145.85 -11.8 0.9619 262.26 -14.861 0.77491 378.67 9.5191 0.86869
80910 75.6 73.34 71.08 68.82 66.56 64.3 62.04 59.78 57.52 55.26 53 75.803 5859.6 156.24 -1.6674 0.36818 262.23 0.43958 0.84345 361.14 -10.247 0.6464
79003 75.6 73.34 71.08 68.82 66.56 64.3 62.04 59.78 57.52 55.26 53 87.318 4230.1 147.09 -0.55772 0.60859 262.25 7.3754 0.46511 372.32 -7.3452 0.63026
77651 75.6 73.34 71.08 68.82 66.56 64.3 62.04 59.78 57.52 55.26 53 98.826 3050.8 142.73 -8.0862 0.72148 262.27 -12.492 0.77299 381.8 1.2309 0.87369
78921 75.6 73.34 71.08 68.82 66.56 64.3 62.04 59.78 57.52 55.26 53 82.891 3431.7 157.49 -6.1865 0.61181 262.24 0.85005 0.7193 371.76 -3.8376 0.63888
78246 75.6 73.34 71.08 68.82 66.56 64.3 62.04 59.78 57.52 55.26 53 108.29 3744.9 133 -4.4063 0.63449 262.29 3.452 0.78936 391.58 -4.2083 0.5732
78209 75.6 73.34 71.08 68.82 66.56 64.3 62.04 59.78 57.52 55.26 53 100.39 3799.4 136.42 -7.585 0.56397 262.27 -10.625 0.75601 393.05 -1.5016 0.57675
79208 75.6 73.34 71.08 68.82 66.56 64.3 62.04 59.78 57.52 55.26 53 85.133 3490.3 156.18 1.3529 0.26849 262.24 6.2825 0.42124 368.34 -8.1969 0.62882
79637 75.6 73.34 71.08 68.82 66.56 64.3 62.04 59.78 57.52 55.26 53 121.47 3248.6 117.92 -5.3256 0.40669 262.32 3.2312 0.50312 406.68 -10.34 0.76709
84065 75.6 73.34 71.08 68.82 66.56 64.3 62.04 59.78 57.52 55.26 53 88.828 5688.2 152.42 -0.18712 0.36708 262.25 7.0476 0.90351 372.07 0.93291 0.1634
81400 75.969 77.499 76.225 69.296 62.098 64.211 61.499 58.974 56.605 53.344 52.688 72.184 4848.1 144.61 -11.79 0.69772 241.75 -7.7767 0.29042 387.64 -0.35694 0.11334
77626 75.6 73.34 71.08 68.82 66.56 64.3 62.04 59.78 57.52 55.26 53 119.53 2637.4 121.79 0.00067307 0.47992 262.31 12.142 0.60987 402.84 3.53 0.85944
77306 75.6 73.34 71.08 68.82 66.56 64.532 62.04 60.013 57.52 55.26 53 103.31 2990.1 138.96 -4.8181 0.61679 262.27 -7.8959 0.73613 385.87 -0.83472 0.87329
81204 75.6 73.34 71.08 68.82 66.56 64.3 62.916 59.78 57.52 55.26 53 77.074 5836.5 154.12 3.0962 0.65922 262.25 -3.2235 0.20012 373.19 2.4474 0.51707
78338 75.6 73.34 71.08 68.82 66.56 64.3 62.04 59.78 57.52 55.26 53 98.273 2751.5 143.33 -1.3405 0.38705 262.27 4.792 0.36346 381.44 6.0301 0.63887
77470 75.6 73.34 71.08 68.82 66.56 64.3 62.04 59.78 57.52 55.26 53 98.444 2929.4 143.46 -6.6422 0.76723 262.27 -11.761 0.76267 381.76 2.2655 0.87402
79571 75.6 73.34 71.08 68.82 66.56 64.3 62.04 59.78 57.52 55.26 53 81.728 3744.4 159.5 0.33897 0.41936 262.23 -0.035397 0.32612 364.96 -4.115 0.59887
77630 75.6 73.34 71.08 68.82 66.56 64.3 62.04 59.78 57.52 55.26 53 94.541 3266.8 146.08 -8.4692 0.88363 262.26 -14.314 0.77554 378.31 8.4018 0.86589
79036 75.6 73.34 71.08 68.82 66.56 64.3 62.04 59.78 57.52 55.26 53 94.07 4504.1 136.15 -1.3778 0.50736 262.25 -8.2092 0.69118 384.27 -6.4478 0.76169
79092 75.6 73.34 71.752 68.82 66.56 64.3 62.04 59.78 58.192 55.932 53 91.801 3578.2 149.45 5.406 0.82746 262.92 -6.3204 0.44032 375.73 0.28168 0.055418
83083 75.6 73.34 71.08 68.82 66.56 64.3 62.04 59.78 57.52 55.26 53 112.55 4118.7 129.75 0.67366 0.44662 262.31 -5.5809 0.39426 403.52 -10.718 0.65172
79754 75.782 74.443 72.277 68.934 66.407 63.708 61.542 59.375 57.209 55.042 52.876 80.452 4647.1 154.91 8.045 0.48609 256.34 -2.3976 0.55453 369.54 3.6811 0.53203
77936 75.6 73.34 71.08 68.82 66.56 64.3 62.04 59.78 57.52 55.26 53 97.093 3071 140.32 -7.6957 0.66839 262.26 -6.252 0.74323 379.93 -2.2553 0.67017
79167 75.6 73.34 71.08 68.82 66.56 64.3 62.04 59.78 57.52 55.26 53 84.829 3029.7 146.44 -2.9314 0.43954 262.25 -2.6147 0.20494 380.33 3.0987 0.55672
78725 75.6 73.34 71.08 68.82 66.56 64.3 62.04 59.78 57.52 55.26 53 87.603 3434 144.97 -5.566 0.45547 262.23 -4.2859 0.25014 390.6 -7.2463 0.66315
79523 75.6 73.34 71.08 68.82 66.56 64.3 62.04 59.78 57.52 55.26 53 83.178 4031.4 157.09 -9.5133 0.88498 262.23 -10.24 0.83422 367.22 6.6676 0.2364
78296 75.6 73.34 71.08 68.82 66.56 64.3 62.04 59.78 57.52 55.26 53 97.754 3254.8 143.76 8.2683 0.81926 262.26 -7.1203 0.62804 381.29 -1.5238 0.23419
78567 75.6 73.34 71.08 68.82 66.56 64.3 62.04 59.78 57.52 55.26 53 115.67 3647.6 125.64 -8.3753 0.57273 262.31 -3.3305 0.64443 398.97 1.5942 0.74226
78380 75.6 73.34 71.08 68.82 66.56 64.3 62.04 59.78 57.52 55.26 53 97.552 2890.7 113.23 0.59215 0.52115 262.35 -2.3291 0.1317 407.14 -4.7909 0.22037
77586 75.6 73.34 71.08 68.82 66.56 64.3 62.04 59.78 57.52 55.26 53 95.414 2851.8 145.85 -11.8 0.9619 262.26 -14.861 0.77491 378.67 9.5191 0.86869
79560 75.6 73.34 71.08 68.82 66.56 64.3 62.04 59.78 57.52 55.26 53 83.543 4947.1 157.69 -8.4051 0.78942 262.23 -9.925 0.53265 366.78 7.618 0.70645
79392 75.663 73.472 72.12 68.959 66.43 63.981 61.884 59.596 57.238 55.122 52.868 82.393 3164.1 150.88 -2.2894 0.27498 257.62 -4.7753 0.62758 365.21 1.1451 0.53101
80450 75.6 73.34 71.08 68.82 66.56 64.408 62.04 59.878 57.52 55.26 53 98.642 4330.1 136.69 -0.11153 0.41604 262.29 12.067 0.5244 387.43 3.6896 0.83128
80223 75.6 73.34 71.08 68.82 66.56 64.3 62.04 59.78 57.52 55.26 53 94.495 4597.7 130.19 -2.2536 0.7712 262.25 7.2126 0.40332 378.65 4.8155 0.55139
79270 75.6 73.34 71.08 68.82 66.56 64.3 62.04 59.78 57.52 55.26 53 87.622 4692 151.38 6.0389 0.50753 262.26 -8.4129 0.76887 373.56 7.8151 0.71368
81730 75.6 73.34 71.08 68.82 66.56 64.3 62.04 59.78 57.52 55.26 53 71.357 4315.4 168.69 -0.86976 0.42917 262.2 -2.7885 0.46327 354.05 2.8512 0.9171
78882 75.6 73.34 71.08 68.82 66.56 64.3 62.04 59.78 57.52 55.26 53 89.168 4600.8 150.73 -2.7751 0.63207 262.23 1.3857 0.74474 377.24 -0.30257 0.79847
83496 75.6 73.34 71.08 69.076 66.56 64.3 62.04 59.78 57.52 55.26 53 67.642 3325.4 171.7 12.141 0.88163 262.21 1.0043 0.1716 355.4 10.782 0.7226
77859 75.6 73.34 71.08 68.82 66.646 64.3 62.04 59.78 57.52 55.26 53 96.562 3231.5 144.85 -3.0245 0.65687 262.26 -5.3131 0.40344 379.83 -2.1199 0.76384
78909 75.6 73.34 71.08 68.82 66.56 64.3 62.04 59.78 57.52 55.26 53 121.2 3022.3 118.41 10.001 0.59834 262.34 9.4622 0.40561 411.73 0.19395 0.85111
78842 75.6 73.34 71.08 68.82 66.56 64.3 62.04 59.78 57.52 55.26 53 92.1 3982.7 147.54 2.3885 0.77321 262.25 -2.7181 0.47082 377.13 -3.9742 0.76856
79074 75.6 73.34 71.08 68.82 66.56 64.3 62.04 59.78 57.52 55.26 53 114.39 3305.7 127.33 -0.077615 0.61351 262.3 -11.68 0.47766 396.83 -3.7336 0.75479
81381 75.6 73.34 71.08 68.82 66.56 64.3 62.04 59.78 57.52 55.26 53 73.629 4307.6 166.81 7.6858 0.89775 262.22 -5.8993 0.54896 355.89 10.419 0.44056
77320 76.368 77.134 75.195 69.211 64.204 62.265 60.327 58.388 56.592 54.511 52.573 107.87 2840.6 113.33 -0.2073 0.6599 242.06 1.8861 0.49066 411.34 -5.3998 0.64241
77265 75.6 73.34 71.08 68.82 66.56 64.3 62.04 59.78 57.52 55.26 53 103.85 3228.3 137.27 -7.7927 0.68006 262.28 0.25546 0.51503 387.25 0.85845 0.50577
77495 75.6 73.34 71.08 68.82 67.284 64.3 62.04 59.78 57.52 55.26 53 102.06 2792.7 139.22 -8.549 0.82911 262.27 -7.4214 0.72944 385.33 7.869 0.86615
78307 75.6 73.34 70.583 68.82 66.56 64.3 62.04 59.78 57.52 55.26 53 85.745 3245.1 139.12 0.042631 0.78431 262.29 -14.249 0.68318 395.58 -1.7482 0.71111
78148 75.6 73.374 72.046 68.82 66.56 64.334 62.04 59.814 58.486 56.226 53 101.82 2752.5 139.45 7.9031 0.91659 263.24 -10.715 0.55231 386.06 -1.1304 0.038864
80091 75.6 73.34 71.08 68.82 66.56 64.3 62.04 59.78 57.52 55.26 53 119.25 3462.9 122.06 6.7544 0.53771 262.31 -3.3288 0.36748 402.56 -0.21628 0.75411
78236 75.6 73.34 71.08 68.82 66.56 64.3 62.04 59.78 57.52 55.26 53 121.73 2814.4 119.61 -8.4295 0.59306 262.32 0.29401 0.43125 405.91 -4.3369 0.83773
77348 75.6 73.34 71.08 68.82 66.56 64.3 62.04 59.78 57.52 55.26 53 105.58 3142.6 135.7 -10.753 0.76777 262.28 -3.6244 0.73746 388.86 9.7561 0.91484
79195 75.6 73.34 71.08 68.82 66.56 64.3 62.04 59.78 57.52 55.26 53 105.12 4295.5 129.87 3.8928 0.68109 262.28 -0.83298 0.52741 401.15 -2.8053 0.72245
78074 75.6 72.34 71.08 68.82 66.56 64.3 62.04 59.78 57.52 55.26 53 121.39 2788.8 119.93 5.1361 0.71521 262.32 4.2618 0.41905 404.7 -3.2771 0.81614
79828 75.6 73.34 71.08 68.82 66.56 64.3 62.04 59.78 57.52 55.26 53 94.422 3993.9 147.08 -8.2206 0.68211 262.26 -10.56 0.30624 377.45 -0.74318 0.41728
77508 75.6 73.34 71.08 68.82 66.56 64.3 62.04 59.78 57.52 55.26 53 93.291 3256.9 133.83 3.2053 0.79276 262.31 1.4006 0.664 389.79 -1.5034 0.66966
79620 75.6 73.34 71.08 68.82 66.56 64.3 62.04 59.78 57.52 55.26 53 96.557 4255.6 144.71 -5.5413 0.57151 262.26 2.3946 0.49232 379.82 1.2297 0.59467
77553 75.6 73.34 70.08 68.82 66.56 64.3 62.04 59.78 58.52 55.26 53 96.414 2851.8 144.85 -10.8 0.9619 262.26 -14.861 0.77491 378.67 9.5191 0.86869
77735 75.6 73.34 71.08 68.82 66.56 64.3 62.04 59.78 57.52 55.26 53 96.291 3055.2 138.14 -8.5713 0.67465 262.25 -1.4867 0.72398 379.44 -2.3159 0.54212
80919 75.6 73.34 71.08 68.82 66.56 64.3 62.04 59.78 57.52 55.26 53 101.16 3984.1 138.89 5.9173 0.4058 262.28 -6.6394 0.22238 387.71 8.5773 0.77621
79662 75.6 73.34 71.08 68.829 66.56 64.3 61.778 59.78 57.52 55.26 53 102.24 3871.6 134.17 -2.2031 0.43945 262.28 4.6363 0.61298 387.24 11.556 0.62425
79386 75.6 73.34 71.08 68.82 66.56 64.3 62.04 59.78 57.52 55.26 53 86.99 4132.6 132.78 6.0985 0.39424 262.27 10.999 0.2177 392.46 -6.4729 0.51261
78946 75.6 73.34 71.08 68.82 66.56 64.3 62.04 59.78 57.52 55.26 53 107.22 3164.2 134.46 -1.4476 0.43815 262.29 3.3246 0.68391 390.15 3.6386 0.41944
83752 78.247 89.378 88.478 70.474 55.598 63.434 54.797 53.897 52.996 52.096 51.195 67.343 3004.7 88.922 -6.5002 0.24884 176.66 -7.9407 0.26313 435.86 -14.432 0.13896
78237 75.6 73.966 71.08 69.446 66.56 64.3 62.666 60.406 58.146 55.26 53.626 107.54 3192.9 134.37 -5.8872 0.72943 262.91 1.7764 0.52164 390.83 6.253 0.22881
79016 75.6 73.34 71.08 68.82 66.56 64.3 62.04 59.78 57.52 55.26 53 86.025 3261 155.13 -9.5942 0.86075 262.24 -2.8292 0.51466 377.87 1.1967 0.35616
78578 75.6 73.34 71.08 68.82 66.56 64.3 62.04 59.78 57.52 55.26 53 85.123 4126.5 149.02 -4.49 0.56131 262.23 -4.8433 0.51804 375.03 6.5269 0.69455
79523 75.6 73.344 71.08 69.266 67.406 64.893 62.987 59.78 57.52 56.202 53 85.545 3623.5 155.69 -8.9852 0.197 262.24 -6.0173 0.39275 368.72 5.2746 0.58717
80365 75.6 73.34 71.08 68.82 66.56 64.927 62.04 59.78 57.52 55.26 53 84.153 4360 157.08 -6.7477 0.73476 262.24 -4.8768 0.18047 367.39 -4.3302 0.29656
79076 75.6 73.34 71.08 68.82 66.56 64.3 62.04 59.78 57.52 55.26 53 86.756 4013.3 154.49 -3.5407 0.58917 262.24 -7.1288 0.21429 370 5.8362 0.57612
81711 75.6 73.34 71.08 68.82 66.663 64.3 62.04 59.78 57.52 55.26 53 88.943 5225.9 152.3 0.10326 0.88224 262.25 9.1791 0.64023 372.19 -8.7385 0.28466
80157 75.491 73.34 71.08 68.82 66.56 64.3 62.04 59.78 57.52 55.26 53 77.019 3857.8 127.79 3.9438 0.43073 262.21 -0.056291 0.64884 364.13 -4.1421 0.18822
80439 76.6 73.34 71.08 68.82 66.56 65.3 62.04 60.78 57.52 55.26 53 115.71 3654.9 125 -6.8997 0.43968 263.31 -3.5537 0.69769 401.09 -7.3533 0.67307
82365 76.6 73.34 72.08 68.82 66.56 65.3 62.04 60.78 58.52 56.26 53 69.618 4146.6 172.58 -9.6568 0.51822 262.2 -9.3527 0.71772 351.82 -5.0775 0.81216
78741 75.6 73.34 71.08 68.82 66.56 64.3 62.04 59.78 57.52 55.26 53 96.677 3654.6 139.41 -7.9088 0.68246 262.26 8.389 0.72571 380.69 -1.1274 0.3405
79663 75.6 73.34 71.77 68.82 66.56 64.3 62.04 59.78 57.594 55.442 53 86.861 2827.8 140.39 2.6604 0.23987 262.78 -8.9476 0.45943 381.54 6.8854 0.060405
77920 75.6 73.34 71.08 68.82 66.56 64.3 62.04 59.78 58.52 55.26 53 97.738 3683.2 143.53 -0.47579 0.65549 262.26 -13.165 0.83457 381 3.0864 0.68436
77696 75.6 73.34 71.08 68.82 66.56 64.3 62.04 59.78 57.52 55.26 53 98.416 2699.6 142.83 -7.8422 0.76365 262.27 -9.2616 0.62074 382.08 8.7816 0.8075
77718 76.6 74.34 72.08 67.82 67.56 64.3 63.04 60.78 57.52 55.26 53 120.53 2637.4 121.79 0.00067307 0.47992 262.31 12.142 0.60987 402.84 4.53 0.85944
79197 75.6 74.34 71.08 69.82 67.56 65.3 62.04 59.78 57.52 56.26 53 85.398 3383.1 155.84 -5.5071 0.21756 262.24 -6.4687 0.89292 368.64 7.0967 0.55574
78628 76.6 74.34 71.08 69.82 66.56 65.3 63.04 59.78 58.52 55.26 53 125.74 3387.7 116.59 -1.1024 0.88777 263.33 -3.2645 0.76911 409.07 -3.0962 0.80851
81326 75.6 73.34 71.08 68.82 66.56 64.3 62.04 59.78 57.52 55.26 53 91.959 4428.5 148.24 -8.1103 0.46268 262.25 9.495 0.76251 377.58 -6.2344 0.339
81652 75.6 73.34 71.08 68.82 66.56 64.3 62.04 59.78 57.52 55.26 53 83.031 5355.4 156.89 -3.0751 0.69396 262.24 4.1908 0.20253 366.65 0.18474 0.35232
78083 75.6 73.34 72.08 68.82 66.56 64.3 62.04 59.78 57.52 55.26 53 121.39 2789.8 119.93 5.1361 0.71521 262.32 4.2618 0.41905 404.7 -3.2771 0.81614
81355 75.6 73.34 70.254 68.82 66.56 64.3 62.04 59.78 57.52 55.26 53 69.96 5164.8 158.3 -11.9 0.96022 262.19 -1.5332 0.79836 367.22 -1.705 0.81886
80531 75.6 73.34 71.08 68.82 66.56 64.3 62.04 59.78 57.52 55.26 53 83.375 4853.9 158.85 1.9006 0.4811 262.23 -1.4987 0.41268 365.61 -4.4443 0.70511
81762 75.6 73.34 71.08 68.82 66.56 64.3 62.04 59.78 57.52 55.26 53 71.726 4531.7 166.44 -9.6449 0.18569 262.22 -0.065874 0.29689 357.14 -8.059 0.75759
80365 75.6 73.34 71.08 69.749 66.56 64.3 61.111 59.78 57.52 55.26 53 81.879 3254.9 159.42 -3.321 0.1153 262.23 4.1451 0.42869 365.04 13.309 0.43578
77902 75.6 73.34 71.08 68.82 66.663 64.3 62.04 59.78 57.52 55.26 53 90.894 2887.5 146.63 -8.4786 0.60905 262.26 -14.582 0.7829 378.28 7.18 0.91402
80253 78.651 74.651 78.162 68.847 63.447 58.449 60.829 56.933 57.116 52.939 52.285 82.281 3278.4 94.506 -10.224 0.28951 245.76 -3.5897 0.45282 429.19 -8.9747 0.1652
78563 76.674 78.642 76.831 69.367 63.267 61.456 59.646 57.835 56.223 54.214 52.403 84.901 3387.7 128.26 -4.6346 0.6621 233.96 -7.2023 0.69219 396.34 -0.38663 0.69093
80958 75.6 73.34 71.08 68.82 66.56 64.3 62.04 59.78 57.52 55.26 53 102.33 4390.4 135.69 -4.29 0.53803 262.29 -3.9811 0.57693 389.4 0.040247 0.36395
77318 75.6 73.34 71.08 68.82 66.56 64.3 62.04 59.78 57.52 55.26 53 101.98 3297.4 131.09 -11.741 0.7763 262.29 3.2753 0.52739 388.63 10.274 0.93566
77391 75.6 73.34 72.08 69.82 66.56 64.3 63.04 59.78 57.52 55.26 53 98.391 3095.6 143.86 -6.2781 0.65825 262.26 -13.967 0.77439 381.73 -1.1572 0.87748
77644 76.6 73.34 71.08 68.82 66.56 65.3 63.04 60.78 57.52 56.26 53 119.53 2638.4 122.79 0.00067307 0.47992 262.31 12.142 0.60987 402.84 3.53 0.85944
80301 75.6 73.34 71.08 68.82 66.56 64.3 63.04 59.78 57.52 55.26 53 83.645 4571.6 157.59 -3.8372 0.52127 262.23 2.6564 0.32503 366.88 5.3416 0.32009
82428 75.6 73.34 71.08 68.82 66.56 65.3 62.04 59.78 57.52 55.26 53 67.903 4728.3 172.3 -0.14983 0.14761 262.2 -13.351 0.85071 353.11 1.8168 0.92961
77624 75.6 74.34 71.08 68.82 66.56 65.3 62.04 59.78 57.52 55.26 53 108.58 3037.3 132.71 -0.49587 0.45872 262.29 4.8583 0.77029 392.87 -4.4935 0.66201
79187 75.6 73.34 72.08 68.82 66.56 65.3 62.04 59.78 57.52 56.26 54 106.62 4127.9 134.67 -11.493 0.62354 262.29 4.3721 0.69322 390.9 12.602 0.84364
78293 75.6 73.34 72.08 68.82 67.56 65.3 63.04 59.78 57.52 56.26 53 99.494 3943.4 142.77 -1.1356 0.56391 262.27 3.7036 0.64521 381.76 0.77212 0.72578
80724 75.6 73.34 71.08 68.82 66.56 64.3 62.04 59.78 58.52 55.26 53 109.14 6451.4 120.29 -6.2841 0.51992 262.26 -12.559 0.52746 393.58 -7.0772 0.87504
80106 75.6 73.34 71.08 69.82 65.56 65.3 63.04 59.78 57.52 56.26 53 86.163 2908.4 155.08 -0.25886 0.11871 262.24 14.739 0.3446 370.4 -5.6468 0.097961
78058 75.6 73.34 71.08 68.82 66.56 64.3 62.04 59.78 57.52 54.26 53 119.63 2843.3 122.68 4.7091 0.66002 262.31 4.3902 0.49462 402.94 -3.5389 0.78298
79194 77.153 82.751 81.289 69.791 60.714 59.252 57.79 56.328 54.865 53.403 51.941 82.824 3495.6 101.42 -1.3935 0.16311 212.06 -10.444 0.28424 415.93 -2.0718 0.52654
78567 76.6 74.34 71.08 69.82 66.56 64.3 62.04 59.78 57.52 54.26 52 125.74 3387.7 116.59 -1.1024 0.88777 263.33 -3.2645 0.76911 409.07 -3.0962 0.80851
76598 75.6 73.34 71.08 68.82 66.56 64.3 62.04 59.78 57.52 55.26 53 113.23 2693.4 128.07 -3.0807 0.60577 262.3 5.0909 0.65296 396.53 5.0938 0.86186
77579 75.6 73.34 70.08 68.82 66.56 64.3 62.04 58.78 57.52 55.26 53 95.414 2851.8 145.85 -11.8 0.9619 262.26 -14.861 0.77491 378.67 9.5191 0.86869
80535 75.6 73.34 71.08 68.82 66.871 64.3 62.04 59.78 57.52 55.26 53 98.959 4412.8 142.31 -2.0105 0.31058 262.27 -12.458 0.83543 382.23 2.633 0.85226
82264 76.6 73.34 71.08 69.82 66.56 65.3 62.04 60.78 57.52 55.26 54 69.358 6269.7 171.84 -4.0711 0.20752 262.2 2.2959 0.37693 353.56 0.27972 0.56753
83304 75.6 72.727 71.932 69.239 66.56 64.3 62.04 59.78 57.52 55.967 53 93.321 4713.2 147.9 -4.6098 0.31851 262.26 1.4767 0.48503 382.05 -0.25803 0.21107
81758 75.6 74.331 71.08 69.811 67.55 65.29 62.04 60.77 57.52 55.26 53 81.895 5729.7 159.31 11.282 0.58468 263.22 -11.813 0.91616 365.16 8.8855 0.29067
77867 75.6 74.34 72.08 68.82 66.56 64.3 63.04 60.78 57.52 55.26 53 119.89 3247.2 121.42 -0.86021 0.71647 262.31 -0.021353 0.76958 402.2 -2.6541 0.75002
79902 75.6 73.34 71.08 68.82 66.56 64.3 62.04 59.78 57.52 55.26 53 86.945 3270.8 154.3 -1.1452 0.16212 262.24 11.384 0.37278 370.19 -4.1468 0.18185
