75.6 73.34 71.08 68.82 66.56 64.3 62.04 59.78 57.52 55.26 53 75.4546 6619.76 165.76 -12.3621 0.74177 262.215 3.28088 0.99191 358.67 0.259388 0.812789 
75.6 73.34 71.08 68.82 66.56 64.3 62.04 59.78 57.52 55.26 53 78.1207 5406.18 163.1 -10.5157 0.624798 262.221 11.522 0.832716 361.342 5.50527 0.852419 674 

75.6 73.34 71.08 68.82 66.56 64.3 62.04 59.78 57.52 55.26 53 86.2873 2595.99 154.952 -6.35518 0.604651 262.24 12.5737 0.260817 369.527 -7.51309 0.414891 
75.6 73.34 71.08 68.82 66.56 64.3 62.04 59.78 57.52 55.26 53 83.9548 4600.61 157.28 6.91468 0.444948 262.234 -5.21682 0.990308 367.189 -5.69411 0.508727 
75.6 73.34 71.08 68.82 66.56 64.3 62.04 59.78 57.52 55.26 53 87.4281 5245.44 153.814 14.4148 0.964474 262.242 5.04774 0.549107 370.67 -6.02562 0.0129855 
75.6 73.34 71.08 68.82 66.56 64.3 62.04 59.78 57.52 55.26 53 69.7362 5797.4 171.466 -13.8538 0.251319 262.202 7.0803 0.737514 352.938 1.29956 0.0384282 
75.6 73.34 71.08 68.82 66.56 64.3 62.04 59.78 57.52 55.26 53 106.051 4368.19 135.233 -2.68066 0.602154 262.284 -8.97122 0.155366 389.336 -9.14324 0.412706 
75.6 73.34 71.08 68.82 66.56 64.3 62.04 59.78 57.52 55.26 53 99.4259 3069.36 141.843 2.20119 0.225026 262.269 -3.34968 0.292188 382.695 -7.26936 0.487424 
75.6 73.34 71.08 68.82 66.56 64.3 62.04 59.78 57.52 55.26 53 68.8171 4037.33 172.383 -8.87717 0.421036 262.2 -2.66698 0.0381872 352.017 -1.86765 0.665692 
75.6 73.34 71.08 68.82 66.56 64.3 62.04 59.78 57.52 55.26 53 88.1408 6008.84 153.103 -8.21593 0.748657 262.244 5.72087 0.688282 371.384 -6.94611 0.630477 
75.6 73.34 71.08 68.82 66.56 64.3 62.04 59.78 57.52 55.26 53 81.9348 4095.91 159.295 10.7425 0.382989 262.23 -13.9133 0.963024 365.165 5.78755 0.125631 
75.445 72.566 70.296 67.249 65.547 63.779 60.086 60.699 58.761 60.124 54.47 100 4982.9 463.55 -9.288 0.70461 
75.7063 73.2314 71.9348 69.1322 66.9768 64.5894 63.0632 60.3538 58.0564 55.7221 53.5134 159.297 2278.42 464.469 -9.02921 0.865361 
75.7063 73.2314 71.9348 69.1322 66.9768 64.5894 63.0632 60.3538 58.0564 55.7221 53.5134 159.297 2278.42 464.469 -9.02921 0.865361 

75.7063 73.2314 71.9348 69.1322 66.9768 64.5894 63.0632 60.3538 58.0564 55.7221 53.5134 159.297 2278.42 464.469 -9.02921 0.865361 
75.7063 73.2314 71.9348 69.1322 66.9768 64.5894 63.0632 60.3538 58.0564 55.7221 53.5134 159.297 2278.42 464.469 -9.02921 0.865361 
75.7063 73.2314 71.9348 69.1322 66.9768 64.5894 63.0632 60.3538 58.0564 55.7221 53.5134 159.297 2278.42 464.469 -9.02921 0.865361 
75.7063 73.2314 71.9348 69.1322 66.9768 64.5894 63.0632 60.3538 58.0564 55.7221 53.5134 159.297 2278.42 464.469 -9.02921 0.865361 
75.7063 73.2314 71.9348 69.1322 66.9768 64.5894 63.0632 60.3538 58.0564 55.7221 53.5134 159.297 2278.42 464.469 -9.02921 0.865361 
75.445 72.566 70.296 67.249 65.547 63.779 60.086 60.699 58.761 60.124 54.47 100 4982.9 463.55 -9.288 0.70461 
75.445 72.566 70.296 67.249 65.547 63.779 60.086 60.699 58.761 60.124 54.47 100 4982.9 463.55 -9.288 0.70461 
75.7063 73.2314 71.9348 69.1322 66.9768 64.5894 63.0632 60.3538 58.0564 55.7221 53.5134 159.297 2278.42 464.469 -9.02921 0.865361 
75.7063 73.2314 71.9348 69.1322 66.9768 64.5894 63.0632 60.3538 58.0564 55.7221 53.5134 159.297 2278.42 464.469 -9.02921 0.865361 
75.445 72.566 70.296 67.249 65.547 63.779 60.086 60.699 58.761 60.124 54.47 100 4982.9 463.55 -9.288 0.70461 
75.7063 73.2314 71.9348 69.1322 66.9768 64.5894 63.0632 60.3538 58.0564 55.7221 53.5134 159.297 2278.42 464.469 -9.02921 0.865361 
75.445 72.566 70.296 67.249 65.547 63.779 60.086 60.699 58.761 60.124 54.47 100 4982.9 463.55 -9.288 0.70461 
75.7063 73.2314 71.9348 69.1322 66.9768 64.5894 63.0632 60.3538 58.0564 55.7221 53.5134 159.297 2278.42 464.469 -9.02921 0.865361 
75.445 72.566 70.296 67.249 65.547 63.779 60.086 60.699 58.761 60.124 54.47 100 4982.9 463.55 -9.288 0.70461 
75.445 72.566 70.296 67.249 65.547 63.779 60.086 60.699 58.761 60.124 54.47 100 4982.9 463.55 -9.288 0.70461 
75.7063 73.2314 71.9348 69.1322 66.9768 64.5894 63.0632 60.3538 58.0564 55.7221 53.5134 159.297 2278.42 464.469 -9.02921 0.865361 
75.445 72.566 70.296 67.249 65.547 63.779 60.086 60.699 58.761 60.124 54.47 100 4982.9 463.55 -9.288 0.70461 
75.7063 73.2314 71.9348 69.1322 66.9768 64.5894 63.0632 60.3538 58.0564 55.7221 53.5134 159.297 2278.42 464.469 -9.02921 0.865361 
75.445 72.566 70.296 67.249 65.547 63.779 60.086 60.699 58.761 60.124 54.47 100 4982.9 463.55 -9.288 0.70461 
75.7063 73.2314 71.9348 69.1322 66.9768 64.5894 63.0632 60.3538 58.0564 55.7221 53.5134 159.297 2278.42 464.469 -9.02921 0.865361 
75.445 72.566 70.296 67.249 65.547 63.779 60.086 60.699 58.761 60.124 54.47 100 4982.9 463.55 -9.288 0.70461 69 -9.02921 0.865361 

75.6 73.34 71.08 68.82 66.56 64.3 62.04 59.78 57.52 55.26 53 93.9403 2651.61 147.317 -0.30049 0.583504 262.257 -12.5019 0.660155 377.197 -13.4308 0.556831 
75.7063 73.2314 71.9348 69.1322 66.9768 64.5894 63.0632 60.3538 58.0564 55.7221 53.5134 159.297 2278.42 464.469 -9.02921 0.865361 
75.7063 73.2314 71.9348 69.1322 66.9768 64.5894 63.0632 60.3538 58.0564 55.7221 53.5134 159.297 2278.42 464.469 -9.02921 0.865361 
75.7063 73.2314 71.9348 69.1322 66.9768 64.5894 63.0632 60.3538 58.0564 55.7221 53.5134 159.297 2278.42 464.469 -9.02921 0.865361 
75.7063 73.2314 71.9348 69.1322 66.9768 64.5894 63.0632 60.3538 58.0564 55.7221 53.5134 159.297 2278.42 464.469 -9.02921 0.865361 
75.7063 73.2314 71.9348 69.1322 66.9768 64.5894 63.0632 60.3538 58.0564 55.7221 53.5134 159.297 2278.42 464.469 -9.02921 0.865361 
75.7063 73.2314 71.9348 69.1322 66.9768 64.5894 63.0632 60.3538 58.0564 55.7221 53.5134 159.297 2278.42 464.469 -9.02921 0.865361 
75.7063 73.2314 71.9348 69.1322 66.9768 64.5894 63.0632 60.3538 58.0564 55.7221 53.5134 159.297 2278.42 464.469 -9.02921 0.865361 
75.7063 73.2314 71.9348 69.1322 66.9768 64.5894 63.0632 60.3538 58.0564 55.7221 53.5134 159.297 2278.42 464.469 -9.02921 0.865361 
75.7063 73.2314 71.9348 69.1322 66.9768 64.5894 63.0632 60.3538 58.0564 55.7221 53.5134 159.297 2278.42 464.469 -9.02921 0.865361 
75.7063 73.2314 71.9348 69.1322 66.9768 64.5894 63.0632 60.3538 58.0564 55.7221 53.5134 159.297 2278.42 464.469 -9.02921 0.865361 
75.7063 73.2314 71.9348 69.1322 66.9768 64.5894 63.0632 60.3538 58.0564 55.7221 53.5134 159.297 2278.42 464.469 -9.02921 0.865361 
75.7063 73.2314 71.9348 69.1322 66.9768 64.5894 63.0632 60.3538 58.0564 55.7221 53.5134 159.297 2278.42 464.469 -9.02921 0.865361 
75.7063 73.2314 71.9348 69.1322 66.9768 64.5894 63.0632 60.3538 58.0564 55.7221 53.5134 159.297 2278.42 464.469 -9.02921 0.865361 
75.7063 73.2314 71.9348 69.1322 66.9768 64.5894 63.0632 60.3538 58.0564 55.7221 53.5134 159.297 2278.42 464.469 -9.02921 0.865361 
75.445 72.566 70.296 67.249 65.547 63.779 60.086 60.699 58.761 60.124 54.47 100 4982.9 463.55 -9.288 0.70461 
75.7063 73.2314 71.9348 69.1322 66.9768 64.5894 63.0632 60.3538 58.0564 55.7221 53.5134 159.297 2278.42 464.469 -9.02921 0.865361 
75.445 72.566 70.296 67.249 65.547 63.779 60.086 60.699 58.761 60.124 54.47 100 4982.9 463.55 -9.288 0.70461 
75.7063 73.2314 71.9348 69.1322 66.9768 64.5894 63.0632 60.3538 58.0564 55.7221 53.5134 159.297 2278.42 464.469 -9.02921 0.865361 
75.445 72.566 70.296 67.249 65.547 63.779 60.086 60.699 58.761 60.124 54.47 100 4982.9 463.55 -9.288 0.70461 
75.6 73.34 71.08 68.82 66.56 64.3 62.04 59.78 57.52 55.26 53 93.9403 2651.61 147.317 -0.30049 0.583504 262.257 -12.5019 0.660155 377.197 -13.4308 0.556831 
75.7063 73.2314 71.9348 69.1322 66.9768 64.5894 63.0632 60.3538 58.0564 55.7221 53.5134 159.297 2278.42 464.469 -9.02921 0.865361 
75.7063 73.2314 71.9348 69.1322 66.9768 64.5894 63.0632 60.3538 58.0564 55.7221 53.5134 159.297 2278.42 464.469 -9.02921 0.865361 
75.7063 73.2314 71.9348 69.1322 66.9768 64.5894 63.0632 60.3538 58.0564 55.7221 53.5134 159.297 2278.42 464.469 -9.02921 0.865361 
75.7063 73.2314 71.9348 69.1322 66.9768 64.5894 63.0632 60.3538 58.0564 55.7221 53.5134 159.297 2278.42 464.469 -9.02921 0.865361 
75.7063 73.2314 71.9348 69.1322 66.9768 64.5894 63.0632 60.3538 58.0564 55.7221 53.5134 159.297 2278.42 464.469 -9.02921 0.865361 
75.7063 73.2314 71.9348 69.1322 66.9768 64.5894 63.0632 60.3538 58.0564 55.7221 53.5134 159.297 2278.42 464.469 -9.02921 0.865361 
75.7063 73.2314 71.9348 69.1322 66.9768 64.5894 63.0632 60.3538 58.0564 55.7221 53.5134 159.297 2278.42 464.469 -9.02921 0.865361 
75.7063 73.2314 71.9348 69.1322 66.9768 64.5894 63.0632 60.3538 58.0564 55.7221 53.5134 159.297 2278.42 464.469 -9.02921 0.865361 
75.7063 73.2314 71.9348 69.1322 66.9768 64.5894 63.0632 60.3538 58.0564 55.7221 53.5134 159.297 2278.42 464.469 -9.02921 0.865361 
75.445 72.566 70.296 67.249 65.547 63.779 60.086 60.699 58.761 60.124 54.47 100 4982.9 463.55 -9.288 0.70461 
75.7063 73.2314 71.9348 69.1322 66.9768 64.5894 63.0632 60.3538 58.0564 55.7221 53.5134 159.297 2278.42 464.469 -9.02921 0.865361 
75.445 72.566 70.296 67.249 65.547 63.779 60.086 60.699 58.761 60.124 54.47 100 4982.9 463.55 -9.288 0.70461 
75.6 73.34 71.08 68.82 66.56 64.3 62.04 59.78 57.52 55.26 53 93.9403 2651.61 147.317 -0.30049 0.583504 262.257 -12.5019 0.660155 377.197 -13.4308 0.556831 
75.7063 73.2314 71.9348 69.1322 66.9768 64.5894 63.0632 60.3538 58.0564 55.7221 53.5134 159.297 2278.42 464.469 -9.02921 0.865361 
75.445 72.566 70.296 67.249 65.547 63.779 60.086 60.699 58.761 60.124 54.47 100 4982.9 463.55 -9.288 0.70461 
75.6 73.34 71.08 68.82 66.56 64.3 62.04 59.78 57.52 55.26 53 93.9403 2651.61 147.317 -0.30049 0.583504 262.257 -12.5019 0.660155 377.197 -13.4308 0.556831 
75.6 73.34 71.08 68.82 66.56 64.3 62.04 59.78 57.52 55.26 53 100 4153 463.55 0 1 
75.176 71.3419 69.6033 68.1224 64.8988 64.9348 61.9753 59.1098 59.9463 57.9888 52.4117 159.43 2276.93 464.578 -9.70714 0.886147 
75.6 73.34 71.08 68.82 66.56 64.3 62.04 59.78 57.52 55.26 53 100 4153 170 0 1 
75.445 72.566 70.296 67.249 65.547 63.779 60.086 60.699 58.761 60.124 54.47 100 4982.9 463.55 -9.288 0.70461 
75.9346 73.34 71.08 69.1693 66.56 64.5509 62.04 59.78 57.6571 55.3937 53 113.313 2963.08 125.786 -5.63318 0.79302 262.283 1.71466 0.743511 399.956 -4.10774 0.588716 
75.6 73.34 71.08 68.82 66.56 64.3 62.04 59.78 57.52 55.26 53 100 4153 170 0 0.1 
75.176 71.3419 69.6033 68.1224 64.8988 64.9348 61.9753 59.1098 59.9463 57.9888 52.4117 159.43 2276.93 464.578 -9.70714 0.886147 
75.6 73.34 71.08 68.82 66.56 64.3 62.04 59.78 57.52 55.26 53 100 4153 463.55 0 1 
75.445 72.566 70.296 67.249 65.547 63.779 60.086 60.699 58.761 60.124 54.47 100 4982.9 463.55 -9.288 0.70461 
75.176 71.3419 69.6033 68.1224 64.8988 64.9348 61.9753 59.1098 59.9463 57.9888 52.4117 159.43 2276.93 464.578 -9.70714 0.886147 
75.176 71.3419 69.6033 68.1224 64.8988 64.9348 61.9753 59.1098 59.9463 57.9888 52.4117 159.43 2276.93 464.578 -9.70714 0.886147 
75.445 72.566 70.296 67.249 65.547 63.779 60.086 60.699 58.761 60.124 54.47 100 4982.9 463.55 -9.288 0.70461 
75.9346 73.34 71.08 69.1693 66.56 64.5509 62.04 59.78 57.6571 55.3937 53 113.313 2963.08 125.786 -5.63318 0.79302 262.283 1.71466 0.743511 399.956 -4.10774 0.588716 
75.176 71.3419 69.6033 68.1224 64.8988 64.9348 61.9753 59.1098 59.9463 57.9888 52.4117 159.43 2276.93 464.578 -9.70714 0.886147 
75.176 71.3419 69.6033 68.1224 64.8988 64.9348 61.9753 59.1098 59.9463 57.9888 52.4117 159.43 2276.93 464.578 -9.70714 0.886147 
75.176 71.3419 69.6033 68.1224 64.8988 64.9348 61.9753 59.1098 59.9463 57.9888 52.4117 159.43 2276.93 464.578 -9.70714 0.886147 
75.176 71.3419 69.6033 68.1224 64.8988 64.9348 61.9753 59.1098 59.9463 57.9888 52.4117 159.43 2276.93 464.578 -9.70714 0.886147 
75.176 71.3419 69.6033 68.1224 64.8988 64.9348 61.9753 59.1098 59.9463 57.9888 52.4117 159.43 2276.93 464.578 -9.70714 0.886147 
75.445 72.566 70.296 67.249 65.547 63.779 60.086 60.699 58.761 60.124 54.47 100 4982.9 463.55 -9.288 0.70461 
75.9346 73.34 71.08 69.1693 66.56 64.5509 62.04 59.78 57.6571 55.3937 53 113.313 2963.08 125.786 -5.63318 0.79302 262.283 1.71466 0.743511 399.956 -4.10774 0.588716 
75.176 71.3419 69.6033 68.1224 64.8988 64.9348 61.9753 59.1098 59.9463 57.9888 52.4117 159.43 2276.93 464.578 -9.70714 0.886147 
75.445 72.566 70.296 67.249 65.547 63.779 60.086 60.699 58.761 60.124 54.47 100 4982.9 463.55 -9.288 0.70461 
75.176 71.3419 69.6033 68.1224 64.8988 64.9348 61.9753 59.1098 59.9463 57.9888 52.4117 159.43 2276.93 464.578 -9.70714 0.886147 
75.176 71.3419 69.6033 68.1224 64.8988 64.9348 61.9753 59.1098 59.9463 57.9888 52.4117 159.43 2276.93 464.578 -9.70714 0.886147 
75.176 71.3419 69.6033 68.1224 64.8988 64.9348 61.9753 59.1098 59.9463 57.9888 52.4117 159.43 2276.93 464.578 -9.70714 0.886147 
75.445 72.566 70.296 67.249 65.547 63.779 60.086 60.699 58.761 60.124 54.47 100 4982.9 463.55 -9.288 0.70461 
76.0239 73.34 71.08 69.2211 66.56 64.6852 62.04 59.78 57.7109 55.6421 53 108.404 3088.79 130.146 -6.62312 0.691719 262.284 0.213806 0.677685 397.291 -3.78213 0.601127 
76.0239 73.34 71.08 69.2211 66.56 64.6852 62.04 59.78 57.7109 55.6421 53 108.404 3088.79 130.146 -6.62312 0.691719 262.284 0.213806 0.677685 397.291 -3.78213 0.601127 
76.0239 73.34 71.08 69.2211 66.56 64.6852 62.04 59.78 57.7109 55.6421 53 108.404 3088.79 130.146 -6.62312 0.691719 262.284 0.213806 0.677685 397.291 -3.78213 0.601127 
76.0239 73.34 71.08 69.2211 66.56 64.6852 62.04 59.78 57.7109 55.6421 53 108.404 3088.79 130.146 -6.62312 0.691719 262.284 0.213806 0.677685 397.291 -3.78213 0.601127 
76.0239 73.34 71.08 69.2211 66.56 64.6852 62.04 59.78 57.7109 55.6421 53 108.404 3088.79 130.146 -6.62312 0.691719 262.284 0.213806 0.677685 397.291 -3.78213 0.601127 
76.3609 73.34 71.08 69.358 66.56 64.9754 62.04 59.78 57.5467 55.4369 53 107.184 2980.88 129.922 -9.82695 0.687749 262.291 -1.80909 0.764347 396.786 -5.68468 0.630234 
