80632.4 76 74 72 68 66 65 63 59 57 56 53 155 2250 -2 482 0 1 8 700 0 1 18 900 0 1 27 1100 0 1 35 1300 0 1 51 1600 0 1 
76061.2 75 74 71 69 66 65 62 60 58 55 53 140 2200 -13 250 0 1 -3 482 0 0 18 900 0 1 36 1300 0 1 51 1600 0 1 60 1800 0 1 
77349.3 75 74 71 68 67 65 62 60 58 55 53 110 2100 -16 200 0 1 -8 350 0 0 -3 482 0 1 17 900 0 1 35 1300 0 1 50 1600 0 1 
80632.4 76 74 72 68 66 65 63 59 57 56 53 155 2250 -2 482 0 1 8 700 0 1 18 900 0 1 27 1100 0 1 35 1300 0 1 51 1600 0 1 
82626.4 74 74 71 68 68 64 62 62 57 54 53 140 2222 -16 257 -0 1 0 530 0 0 20 874 0 1 39 1322 -0 1 53 1613 1 1 61 1807 1 1 
76061.2 75 74 71 69 66 65 62 60 58 55 53 140 2200 -13 250 0 1 -3 482 0 0 18 900 0 1 36 1300 0 1 51 1600 0 1 60 1800 0 1 
77349.3 75 74 71 68 67 65 62 60 58 55 53 110 2100 -16 200 0 1 -8 350 0 0 -3 482 0 1 17 900 0 1 35 1300 0 1 50 1600 0 1 
82626.4 74 74 71 68 68 64 62 62 57 54 53 140 2222 -16 257 -0 1 0 530 0 0 20 874 0 1 39 1322 -0 1 53 1613 1 1 61 1807 1 1 
80632.4 76 74 72 68 66 65 63 59 57 56 53 155 2250 -2 482 0 1 8 700 0 1 18 900 0 1 27 1100 0 1 35 1300 0 1 51 1600 0 1 
80258.5 76 73 72 67 65 64 62 58 58 56 52 156 2250 -3 482 1 1 7 700 1 1 19 900 -1 1 27 1099 -1 1 36 1301 1 1 52 1599 -0 1 
76061.2 75 74 71 69 66 65 62 60 58 55 53 140 2200 -13 250 0 1 -3 482 0 0 18 900 0 1 36 1300 0 1 51 1600 0 1 60 1800 0 1 
76061.2 75 74 71 69 66 65 62 60 58 55 53 140 2200 -13 250 0 1 -3 482 0 0 18 900 0 1 36 1300 0 1 51 1600 0 1 60 1800 0 1 
77349.3 75 74 71 68 67 65 62 60 58 55 53 110 2100 -16 200 0 1 -8 350 0 0 -3 482 0 1 17 900 0 1 35 1300 0 1 50 1600 0 1 
80632.4 76 74 72 68 66 65 63 59 57 56 53 155 2250 -2 482 0 1 8 700 0 1 18 900 0 1 27 1100 0 1 35 1300 0 1 51 1600 0 1 
80258.5 76 73 72 67 65 64 62 58 58 56 52 156 2250 -3 482 1 1 7 700 1 1 19 900 -1 1 27 1099 -1 1 36 1301 1 1 52 1599 -0 1 
76061.2 75 74 71 69 66 65 62 60 58 55 53 140 2200 -13 250 0 1 -3 482 0 0 18 900 0 1 36 1300 0 1 51 1600 0 1 60 1800 0 1 
76061.2 75 74 71 69 66 65 62 60 58 55 53 140 2200 -13 250 0 1 -3 482 0 0 18 900 0 1 36 1300 0 1 51 1600 0 1 60 1800 0 1 
77349.3 75 74 71 68 67 65 62 60 58 55 53 110 2100 -16 200 0 1 -8 350 0 0 -3 482 0 1 17 900 0 1 35 1300 0 1 50 1600 0 1 
80258.5 76 73 72 67 65 64 62 58 58 56 52 156 2250 -3 482 1 1 7 700 1 1 19 900 -1 1 27 1099 -1 1 36 1301 1 1 52 1599 -0 1 
80632.4 76 74 72 68 66 65 63 59 57 56 53 155 2250 -2 482 0 1 8 700 0 1 18 900 0 1 27 1100 0 1 35 1300 0 1 51 1600 0 1 
76061.2 75 74 71 69 66 65 62 60 58 55 53 140 2200 -13 250 0 1 -3 482 0 0 18 900 0 1 36 1300 0 1 51 1600 0 1 60 1800 0 1 
76061.2 75 74 71 69 66 65 62 60 58 55 53 140 2200 -13 250 0 1 -3 482 0 0 18 900 0 1 36 1300 0 1 51 1600 0 1 60 1800 0 1 
77349.3 75 74 71 68 67 65 62 60 58 55 53 110 2100 -16 200 0 1 -8 350 0 0 -3 482 0 1 17 900 0 1 35 1300 0 1 50 1600 0 1 
80258.5 76 73 72 67 65 64 62 58 58 56 52 156 2250 -3 482 1 1 7 700 1 1 19 900 -1 1 27 1099 -1 1 36 1301 1 1 52 1599 -0 1 
80632.4 76 74 72 68 66 65 63 59 57 56 53 155 2250 -2 482 0 1 8 700 0 1 18 900 0 1 27 1100 0 1 35 1300 0 1 51 1600 0 1 
76061.2 75 74 71 69 66 65 62 60 58 55 53 140 2200 -13 250 0 1 -3 482 0 0 18 900 0 1 36 1300 0 1 51 1600 0 1 60 1800 0 1 
76061.2 75 74 71 69 66 65 62 60 58 55 53 140 2200 -13 250 0 1 -3 482 0 0 18 900 0 1 36 1300 0 1 51 1600 0 1 60 1800 0 1 
76000.8 75 74 71 69 66 65 63 61 58 55 53 141 2199 -12 251 0 1 -2 482 1 0 17 899 1 1 35 1300 -1 1 51 1601 0 1 60 1799 0 1 
77349.3 75 74 71 68 67 65 62 60 58 55 53 110 2100 -16 200 0 1 -8 350 0 0 -3 482 0 1 17 900 0 1 35 1300 0 1 50 1600 0 1 
77315.8 75 75 72 67 67 66 62 60 58 55 53 111 2100 -15 201 1 1 -7 350 1 0 -3 482 -0 1 17 901 -1 1 35 1300 -1 1 51 1600 1 1 
80258.5 76 73 72 67 65 64 62 58 58 56 52 156 2250 -3 482 1 1 7 700 1 1 19 900 -1 1 27 1099 -1 1 36 1301 1 1 52 1599 -0 1 
80205 77 74 73 66 64 63 63 58 57 56 52 157 2249 -3 482 2 1 6 700 2 1 19 900 -1 1 27 1098 -1 1 36 1301 2 1 51 1599 -0 1 
76000.8 75 74 71 69 66 65 63 61 58 55 53 141 2199 -12 251 0 1 -2 482 1 0 17 899 1 1 35 1300 -1 1 51 1601 0 1 60 1799 0 1 
76061.2 75 74 71 69 66 65 62 60 58 55 53 140 2200 -13 250 0 1 -3 482 0 0 18 900 0 1 36 1300 0 1 51 1600 0 1 60 1800 0 1 
76061.2 75 74 71 69 66 65 62 60 58 55 53 140 2200 -13 250 0 1 -3 482 0 0 18 900 0 1 36 1300 0 1 51 1600 0 1 60 1800 0 1 
76131.2 76 73 71 69 66 66 61 60 57 55 53 141 2202 -13 250 -1 1 -3 482 0 0 18 898 0 1 36 1301 -1 1 52 1601 -0 1 60 1800 0 1 
77226.7 75 74 72 68 66 64 62 59 57 54 53 110 2100 -16 200 -1 1 -8 351 0 0 -2 483 0 1 16 899 0 1 34 1300 1 1 51 1601 -0 1 
77315.8 75 75 72 67 67 66 62 60 58 55 53 111 2100 -15 201 1 1 -7 350 1 0 -3 482 -0 1 17 901 -1 1 35 1300 -1 1 51 1600 1 1 
77349.3 75 74 71 68 67 65 62 60 58 55 53 110 2100 -16 200 0 1 -8 350 0 0 -3 482 0 1 17 900 0 1 35 1300 0 1 50 1600 0 1 
82699.4 75 74 71 68 65 65 61 60 58 55 53 140 2206 -14 248 1 1 -4 494 0 0 18 895 1 1 34 1306 -1 1 52 1603 0 1 60 1801 1 1 
76061.2 75 74 71 69 66 65 62 60 58 55 53 140 2200 -13 250 0 1 -3 482 0 0 18 900 0 1 36 1300 0 1 51 1600 0 1 60 1800 0 1 
76061.2 75 74 71 69 66 65 62 60 58 55 53 140 2200 -13 250 0 1 -3 482 0 0 18 900 0 1 36 1300 0 1 51 1600 0 1 60 1800 0 1 
76131.2 76 73 71 69 66 66 61 60 57 55 53 141 2202 -13 250 -1 1 -3 482 0 0 18 898 0 1 36 1301 -1 1 52 1601 -0 1 60 1800 0 1 
76000.8 75 74 71 69 66 65 63 61 58 55 53 141 2199 -12 251 0 1 -2 482 1 0 17 899 1 1 35 1300 -1 1 51 1601 0 1 60 1799 0 1 
77226.7 75 74 72 68 66 64 62 59 57 54 53 110 2100 -16 200 -1 1 -8 351 0 0 -2 483 0 1 16 899 0 1 34 1300 1 1 51 1601 -0 1 
77216.1 75 74 72 68 66 64 61 59 57 53 53 110 2100 -15 200 -1 1 -8 351 0 0 -2 483 0 1 16 900 -0 1 33 1300 1 1 52 1601 -0 1 
76061.2 75 74 71 69 66 65 62 60 58 55 53 140 2200 -13 250 0 1 -3 482 0 0 18 900 0 1 36 1300 0 1 51 1600 0 1 60 1800 0 1 
76061.2 75 74 71 69 66 65 62 60 58 55 53 140 2200 -13 250 0 1 -3 482 0 0 18 900 0 1 36 1300 0 1 51 1600 0 1 60 1800 0 1 
76131.2 76 73 71 69 66 66 61 60 57 55 53 141 2202 -13 250 -1 1 -3 482 0 0 18 898 0 1 36 1301 -1 1 52 1601 -0 1 60 1800 0 1 
76000.8 75 74 71 69 66 65 63 61 58 55 53 141 2199 -12 251 0 1 -2 482 1 0 17 899 1 1 35 1300 -1 1 51 1601 0 1 60 1799 0 1 
76131.2 76 73 71 69 66 66 61 60 57 55 53 141 2202 -13 250 -1 1 -3 482 0 0 18 898 0 1 36 1301 -1 1 52 1601 0 1 60 1800 0 1 
77216.1 75 74 72 68 66 64 61 59 57 53 53 110 2100 -15 200 -1 1 -8 351 0 0 -2 483 0 1 16 900 -0 1 33 1300 1 1 52 1601 -0 1 
76061.2 75 74 71 69 66 65 62 60 58 55 53 140 2200 -13 250 0 1 -3 482 0 0 18 900 0 1 36 1300 0 1 51 1600 0 1 60 1800 0 1 
76061.2 75 74 71 69 66 65 62 60 58 55 53 140 2200 -13 250 0 1 -3 482 0 0 18 900 0 1 36 1300 0 1 51 1600 0 1 60 1800 0 1 
76131.2 76 73 71 69 66 66 61 60 57 55 53 141 2202 -13 250 -1 1 -3 482 0 0 18 898 0 1 36 1301 -1 1 52 1601 -0 1 60 1800 0 1 
76000.8 75 74 71 69 66 65 63 61 58 55 53 141 2199 -12 251 0 1 -2 482 1 0 17 899 1 1 35 1300 -1 1 51 1601 0 1 60 1799 0 1 
76131.2 76 73 71 69 66 66 61 60 57 55 53 141 2202 -13 250 -1 1 -3 482 0 0 18 898 0 1 36 1301 -1 1 52 1601 0 1 60 1800 0 1 
76114.6 75 73 71 68 67 67 61 60 56 54 53 141 2207 -14 248 -1 1 -4 480 0 0 17 907 1 1 36 1307 -2 1 52 1605 -0 1 60 1802 0 1 
76061.2 75 74 71 69 66 65 62 60 58 55 53 140 2200 -13 250 0 1 -3 482 0 0 18 900 0 1 36 1300 0 1 51 1600 0 1 60 1800 0 1 
76061.2 75 74 71 69 66 65 62 60 58 55 53 140 2200 -13 250 0 1 -3 482 0 0 18 900 0 1 36 1300 0 1 51 1600 0 1 60 1800 0 1 
76114.6 75 73 71 68 67 67 61 60 56 54 53 141 2207 -14 248 -1 1 -4 480 0 0 17 907 1 1 36 1307 -2 1 52 1605 -0 1 60 1802 0 1 
76000.8 75 74 71 69 66 65 63 61 58 55 53 141 2199 -12 251 0 1 -2 482 1 0 17 899 1 1 35 1300 -1 1 51 1601 0 1 60 1799 0 1 
76131.2 76 73 71 69 66 66 61 60 57 55 53 141 2202 -13 250 -1 1 -3 482 0 0 18 898 0 1 36 1301 -1 1 52 1601 -0 1 60 1800 0 1 
76069.4 74 74 71 69 65 65 61 60 58 54 52 140 2200 -14 249 1 1 -3 482 1 0 18 901 0 1 35 1300 1 1 51 1600 -1 1 60 1800 0 1 
82952.7 75 74 71 70 66 65 63 61 57 54 53 141 2201 -12 250 0 1 -2 488 0 0 18 896 1 1 35 1302 -1 1 51 1602 1 1 60 1794 -0 1 
76061.2 75 74 71 69 66 65 62 60 58 55 53 140 2200 -13 250 0 1 -3 482 0 0 18 900 0 1 36 1300 0 1 51 1600 0 1 60 1800 0 1 
76069.4 74 74 71 69 65 65 61 60 58 54 52 140 2200 -14 249 1 1 -3 482 1 0 18 901 0 1 35 1300 1 1 51 1600 -1 1 60 1800 0 1 
76061.2 75 74 71 69 66 65 62 60 58 55 53 140 2200 -13 250 0 1 -3 482 0 0 18 900 0 1 36 1300 0 1 51 1600 0 1 60 1800 0 1 
76000.8 75 74 71 69 66 65 63 61 58 55 53 141 2199 -12 251 0 1 -2 482 1 0 17 899 1 1 35 1300 -1 1 51 1601 0 1 60 1799 0 1 
76114.6 75 73 71 68 67 67 61 60 56 54 53 141 2207 -14 248 -1 1 -4 480 0 0 17 907 1 1 36 1307 -2 1 52 1605 -0 1 60 1802 0 1 
76006.2 74 74 71 69 66 65 61 60 58 54 51 140 2200 -13 249 1 1 -3 482 1 0 18 900 0 1 35 1300 0 1 51 1600 -1 1 60 1800 0 1 
76006.2 74 74 71 69 66 65 61 60 58 54 51 140 2200 -13 249 1 1 -3 482 1 0 18 900 0 1 35 1300 0 1 51 1600 -1 1 60 1800 0 1 
76000.8 75 74 71 69 66 65 63 61 58 55 53 141 2199 -12 251 0 1 -2 482 1 0 17 899 1 1 35 1300 -1 1 51 1601 0 1 60 1799 0 1 
76061.2 75 74 71 69 66 65 62 60 58 55 53 140 2200 -13 250 0 1 -3 482 0 0 18 900 0 1 36 1300 0 1 51 1600 0 1 60 1800 0 1 
76069.4 74 74 71 69 65 65 61 60 58 54 52 140 2200 -14 249 1 1 -3 482 1 0 18 901 0 1 35 1300 1 1 51 1600 -1 1 60 1800 0 1 
76061.2 75 74 71 69 66 65 62 60 58 55 53 140 2200 -13 250 0 1 -3 482 0 0 18 900 0 1 36 1300 0 1 51 1600 0 1 60 1800 0 1 
76061.2 75 74 71 69 66 65 62 60 58 55 53 140 2200 -13 250 0 1 -3 482 0 0 18 900 0 1 36 1300 0 1 51 1600 0 1 60 1800 0 1 
76000.8 75 74 71 69 66 65 63 61 58 55 53 141 2199 -12 251 0 1 -2 482 1 0 17 899 1 1 35 1300 -1 1 51 1601 0 1 60 1799 0 1 
76006.2 74 74 71 69 66 65 61 60 58 54 51 140 2200 -13 249 1 1 -3 482 1 0 18 900 0 1 35 1300 0 1 51 1600 -1 1 60 1800 0 1 
76061.2 75 74 71 69 66 65 62 60 58 55 53 140 2200 -13 250 0 1 -3 482 0 0 18 900 0 1 36 1300 0 1 51 1600 0 1 60 1800 0 1 
76069.4 74 74 71 69 65 65 61 60 58 54 52 140 2200 -14 249 1 1 -3 482 1 0 18 901 0 1 35 1300 1 1 51 1600 -1 1 60 1800 0 1 
83033.9 74 74 71 70 66 63 61 60 56 55 51 139 2212 -14 249 1 1 -3 485 1 0 18 897 0 1 35 1299 2 1 47 1600 -1 1 56 1800 0 1 
76006.2 74 74 71 69 66 65 61 60 58 54 51 140 2200 -13 249 1 1 -3 482 1 0 18 900 0 1 35 1300 0 1 51 1600 -1 1 60 1800 0 1 
76061.2 75 74 71 69 66 65 62 60 58 55 53 140 2200 -13 250 0 1 -3 482 0 0 18 900 0 1 36 1300 0 1 51 1600 0 1 60 1800 0 1 
76061.2 75 74 71 69 66 65 62 60 58 55 53 140 2200 -13 250 0 1 -3 482 0 0 18 900 0 1 36 1300 0 1 51 1600 0 1 60 1800 0 1 
76000.8 75 74 71 69 66 65 63 61 58 55 53 141 2199 -12 251 0 1 -2 482 1 0 17 899 1 1 35 1300 -1 1 51 1601 0 1 60 1799 0 1 
76069.4 74 74 71 69 65 65 61 60 58 54 52 140 2200 -14 249 1 1 -3 482 1 0 18 901 0 1 35 1300 1 1 51 1600 -1 1 60 1800 0 1 
76061.2 75 74 71 69 66 65 62 60 58 55 53 140 2200 -13 250 0 1 -3 482 0 0 18 900 0 1 36 1300 0 1 51 1600 0 1 60 1800 0 1 
76006.2 74 74 71 69 66 65 61 60 58 54 51 140 2200 -13 249 1 1 -3 482 1 0 18 900 0 1 35 1300 0 1 51 1600 -1 1 60 1800 0 1 
76061.2 75 74 71 69 66 65 62 60 58 55 53 140 2200 -13 250 0 1 -3 482 0 0 18 900 0 1 36 1300 0 1 51 1600 0 1 60 1800 0 1 
76000.8 75 74 71 69 66 65 63 61 58 55 53 141 2199 -12 251 0 1 -2 482 1 0 17 899 1 1 35 1300 -1 1 51 1601 0 1 60 1799 0 1 
76069.4 74 74 71 69 65 65 61 60 58 54 52 140 2200 -14 249 1 1 -3 482 1 0 18 901 0 1 35 1300 1 1 51 1600 -1 1 60 1800 0 1 
76061.2 75 74 71 69 66 65 62 60 58 55 53 140 2200 -13 250 0 1 -3 482 0 0 18 900 0 1 36 1300 0 1 51 1600 0 1 60 1800 0 1 
76061.2 75 74 71 69 66 65 62 60 58 55 53 140 2200 -13 250 0 1 -3 482 0 0 18 900 0 1 36 1300 0 1 51 1600 0 1 60 1800 0 1 
76006.2 74 74 71 69 66 65 61 60 58 54 51 140 2200 -13 249 1 1 -3 482 1 0 18 900 0 1 35 1300 0 1 51 1600 -1 1 60 1800 0 1 
76061.2 75 74 71 69 66 65 62 60 58 55 53 140 2200 -13 250 0 1 -3 482 0 0 18 900 0 1 36 1300 0 1 51 1600 0 1 60 1800 0 1 
76000.8 75 74 71 69 66 65 63 61 58 55 53 141 2199 -12 251 0 1 -2 482 1 0 17 899 1 1 35 1300 -1 1 51 1601 0 1 60 1799 0 1 
76061.2 75 74 71 69 66 65 62 60 58 55 53 140 2200 -13 250 0 1 -3 482 0 0 18 900 0 1 36 1300 0 1 51 1600 0 1 60 1800 0 1 
76265.3 75 74 71 69 67 65 61 60 59 55 53 139 2197 -15 320 5 1 -0 483 -1 0 12 913 -0 1 36 1324 1 1 47 1604 -2 1 54 1816 0 1 
76061.2 75 74 71 69 66 65 62 60 58 55 53 140 2200 -13 250 0 1 -3 482 0 0 18 900 0 1 36 1300 0 1 51 1600 0 1 60 1800 0 1 
76006.2 74 74 71 69 66 65 61 60 58 54 51 140 2200 -13 249 1 1 -3 482 1 0 18 900 0 1 35 1300 0 1 51 1600 -1 1 60 1800 0 1 
76061.2 75 74 71 69 66 65 62 60 58 55 53 140 2200 -13 250 0 1 -3 482 0 0 18 900 0 1 36 1300 0 1 51 1600 0 1 60 1800 0 1 
76000.8 75 74 71 69 66 65 63 61 58 55 53 141 2199 -12 251 0 1 -2 482 1 0 17 899 1 1 35 1300 -1 1 51 1601 0 1 60 1799 0 1 
76061.2 75 74 71 69 66 65 62 60 58 55 53 140 2200 -13 250 0 1 -3 482 0 0 18 900 0 1 36 1300 0 1 51 1600 0 1 60 1800 0 1 
75978.7 75 74 72 68 65 64 62 60 58 55 53 141 2199 -12 249 1 1 -2 482 -0 0 18 900 -0 1 35 1300 -0 1 51 1600 0 1 61 1801 -0 1 
83959.9 75 73 72 70 66 66 62 60 58 55 52 135 2128 -7 308 1 1 -6 486 1 0 21 876 1 1 38 1331 -2 1 40 1604 4 1 52 1777 -7 1 
76000.8 75 74 71 69 66 65 63 61 58 55 53 141 2199 -12 251 0 1 -2 482 1 0 17 899 1 1 35 1300 -1 1 51 1601 0 1 60 1799 0 1 
76006.2 74 74 71 69 66 65 61 60 58 54 51 140 2200 -13 249 1 1 -3 482 1 0 18 900 0 1 35 1300 0 1 51 1600 -1 1 60 1800 0 1 
76061.2 75 74 71 69 66 65 62 60 58 55 53 140 2200 -13 250 0 1 -3 482 0 0 18 900 0 1 36 1300 0 1 51 1600 0 1 60 1800 0 1 
75978.7 75 74 72 68 65 64 62 60 58 55 53 141 2199 -12 249 1 1 -2 482 -0 0 18 900 -0 1 35 1300 -0 1 51 1600 0 1 61 1801 -0 1 
76061.2 75 74 71 69 66 65 62 60 58 55 53 140 2200 -13 250 0 1 -3 482 0 0 18 900 0 1 36 1300 0 1 51 1600 0 1 60 1800 0 1 
75991.2 75 74 71 69 66 65 61 60 57 55 53 141 2201 -14 249 -0 1 -3 481 0 0 18 901 -0 1 35 1300 -1 1 51 1600 0 1 60 1800 0 1 
76323.2 75 74 70 69 66 65 62 60 58 55 52 141 2207 -12 249 0 1 1 466 -3 0 16 907 -2 1 35 1408 0 1 50 1575 3 1 60 1912 -6 1 
82959.1 75 74 71 69 66 65 62 60 58 55 52 141 2200 -13 250 0 1 -3 485 -3 0 16 905 -3 1 36 1302 0 1 50 1578 2 1 60 1897 7 1 
83622.7 75 73 72 70 67 66 62 59 58 55 51 135 2129 -8 307 0 1 -5 485 1 0 21 875 1 1 38 1333 -1 1 41 1600 3 1 51 1773 -7 1 
76006.2 74 74 71 69 66 65 61 60 58 54 51 140 2200 -13 249 1 1 -3 482 1 0 18 900 0 1 35 1300 0 1 51 1600 -1 1 60 1800 0 1 
75991.2 75 74 71 69 66 65 61 60 57 55 53 141 2201 -14 249 -0 1 -3 481 0 0 18 901 -0 1 35 1300 -1 1 51 1600 0 1 60 1800 0 1 
76051.9 74 74 71 69 66 65 61 60 58 54 52 140 2200 -13 248 0 1 -3 482 1 0 18 900 0 1 35 1300 0 1 51 1600 -0 1 60 1800 0 1 
76000.8 75 74 71 69 66 65 63 61 58 55 53 141 2199 -12 251 0 1 -2 482 1 0 17 899 1 1 35 1300 -1 1 51 1601 0 1 60 1799 0 1 
75978.7 75 74 72 68 65 64 62 60 58 55 53 141 2199 -12 249 1 1 -2 482 -0 0 18 900 -0 1 35 1300 -0 1 51 1600 0 1 61 1801 -0 1 
76000.1 75 74 72 71 66 66 61 60 58 55 53 140 2201 -13 249 1 1 -2 482 1 0 18 900 0 1 35 1300 0 1 51 1600 -1 1 62 1802 0 1 
75811.5 75 73 71 69 66 64 61 60 56 55 54 145 2178 -15 288 -0 1 -5 481 1 0 18 903 0 1 38 1315 -0 1 55 1603 -2 1 53 1783 -2 1 
76061.2 75 74 71 69 66 65 62 60 58 55 53 140 2200 -13 250 0 1 -3 482 0 0 18 900 0 1 36 1300 0 1 51 1600 0 1 60 1800 0 1 
76296.8 74 74 71 70 66 65 61 60 58 54 50 139 2200 -13 248 2 1 -3 475 1 0 19 897 0 1 35 1267 0 1 50 1599 -1 1 60 1806 1 1 
83169 75 74 73 70 66 65 61 59 58 55 53 138 2186 -14 253 1 1 -0 506 1 0 17 887 -0 1 36 1310 -1 1 48 1576 -2 1 59 1806 0 1 
82816.2 75 74 71 66 66 65 62 59 58 56 52 143 2130 -14 252 -0 1 -6 485 -2 0 15 917 3 1 32 1301 2 1 50 1517 -0 1 61 1853 7 1 
