76768.5 76 74 72 68 66 65 63 59 57 56 53 0 0 0 0 0 0 0 0 0 0 0 155 2250 -2 482 0 1 8 700 0 1 18 900 0 1 
82465.2 76 74 72 68 66 65 63 59 57 56 53 0 0 0 0 0 0 0 0 0 0 0 100 2250 -20 200 0 1 -2 482 0 1 18 1100 0 1 
89231 76 74 72 68 66 65 63 59 57 56 53 0 0 0 0 0 0 0 0 0 0 0 80 2400 -20 120 0 1 -10 300 0 1 -2 482 0 1 
76768.5 76 74 72 68 66 65 63 59 57 56 53 0 0 0 0 0 0 0 0 0 0 0 155 2250 -2 482 0 1 8 700 0 1 18 900 0 1 
82465.2 76 74 72 68 66 65 63 59 57 56 53 0 0 0 0 0 0 0 0 0 0 0 100 2250 -20 200 0 1 -2 482 0 1 18 1100 0 1 
89231 76 74 72 68 66 65 63 59 57 56 53 0 0 0 0 0 0 0 0 0 0 0 80 2400 -20 120 0 1 -10 300 0 1 -2 482 0 1 
76768.5 76 74 72 68 66 65 63 59 57 56 53 0 0 0 0 0 0 0 0 0 0 0 155 2250 -2 482 0 1 8 700 0 1 18 900 0 1 
82465.2 76 74 72 68 66 65 63 59 57 56 53 0 0 0 0 0 0 0 0 0 0 0 100 2250 -20 200 0 1 -2 482 0 1 18 1100 0 1 
89231 76 74 72 68 66 65 63 59 57 56 53 0 0 0 0 0 0 0 0 0 0 0 80 2400 -20 120 0 1 -10 300 0 1 -2 482 0 1 
76768.5 76 74 72 68 66 65 63 59 57 56 53 0 0 0 0 0 0 0 0 0 0 0 155 2250 -2 482 0 1 8 700 0 1 18 900 0 1 
82465.2 76 74 72 68 66 65 63 59 57 56 53 0 0 0 0 0 0 0 0 0 0 0 100 2250 -20 200 0 1 -2 482 0 1 18 1100 0 1 
89231 76 74 72 68 66 65 63 59 57 56 53 0 0 0 0 0 0 0 0 0 0 0 80 2400 -20 120 0 1 -10 300 0 1 -2 482 0 1 
89098.6 77 75 72 68 66 64 63 58 56 55 52 0 0 0 0 0 0 0 0 0 0 0 80 2401 -21 119 0 1 -9 300 -0 1 -2 481 -0 1 
76768.5 76 74 72 68 66 65 63 59 57 56 53 0 0 0 0 0 0 0 0 0 0 0 155 2250 -2 482 0 1 8 700 0 1 18 900 0 1 
82465.2 76 74 72 68 66 65 63 59 57 56 53 0 0 0 0 0 0 0 0 0 0 0 100 2250 -20 200 0 1 -2 482 0 1 18 1100 0 1 
89098.6 77 75 72 68 66 64 63 58 56 55 52 0 0 0 0 0 0 0 0 0 0 0 80 2401 -21 119 0 1 -9 300 -0 1 -2 481 -0 1 
89231 76 74 72 68 66 65 63 59 57 56 53 0 0 0 0 0 0 0 0 0 0 0 80 2400 -20 120 0 1 -10 300 0 1 -2 482 0 1 
76768.5 76 74 72 68 66 65 63 59 57 56 53 0 0 0 0 0 0 0 0 0 0 0 155 2250 -2 482 0 1 8 700 0 1 18 900 0 1 
82465.2 76 74 72 68 66 65 63 59 57 56 53 0 0 0 0 0 0 0 0 0 0 0 100 2250 -20 200 0 1 -2 482 0 1 18 1100 0 1 
89098.6 77 75 72 68 66 64 63 58 56 55 52 0 0 0 0 0 0 0 0 0 0 0 80 2401 -21 119 0 1 -9 300 -0 1 -2 481 -0 1 
89231 76 74 72 68 66 65 63 59 57 56 53 0 0 0 0 0 0 0 0 0 0 0 80 2400 -20 120 0 1 -10 300 0 1 -2 482 0 1 
76768.5 76 74 72 68 66 65 63 59 57 56 53 0 0 0 0 0 0 0 0 0 0 0 155 2250 -2 482 0 1 8 700 0 1 18 900 0 1 
76692.5 75 74 72 68 67 65 63 58 56 56 52 0 0 0 0 0 0 0 0 0 0 0 156 2252 -1 482 0 1 8 697 -0 1 18 897 -0 1 
82465.2 76 74 72 68 66 65 63 59 57 56 53 0 0 0 0 0 0 0 0 0 0 0 100 2250 -20 200 0 1 -2 482 0 1 18 1100 0 1 
89098.6 77 75 72 68 66 64 63 58 56 55 52 0 0 0 0 0 0 0 0 0 0 0 80 2401 -21 119 0 1 -9 300 -0 1 -2 481 -0 1 
89231 76 74 72 68 66 65 63 59 57 56 53 0 0 0 0 0 0 0 0 0 0 0 80 2400 -20 120 0 1 -10 300 0 1 -2 482 0 1 
76692.5 75 74 72 68 67 65 63 58 56 56 52 0 0 0 0 0 0 0 0 0 0 0 156 2252 -1 482 0 1 8 697 -0 1 18 897 -0 1 
76768.5 76 74 72 68 66 65 63 59 57 56 53 0 0 0 0 0 0 0 0 0 0 0 155 2250 -2 482 0 1 8 700 0 1 18 900 0 1 
82465.2 76 74 72 68 66 65 63 59 57 56 53 0 0 0 0 0 0 0 0 0 0 0 100 2250 -20 200 0 1 -2 482 0 1 18 1100 0 1 
89231 76 74 72 68 66 65 63 59 57 56 53 0 0 0 0 0 0 0 0 0 0 0 80 2400 -20 120 0 1 -10 300 0 1 -2 482 0 1 
89098.6 77 75 72 68 66 64 63 58 56 55 52 0 0 0 0 0 0 0 0 0 0 0 80 2401 -21 119 0 1 -9 300 0 1 -2 481 0 1 
89098.6 77 75 72 68 66 64 63 58 56 55 52 0 0 0 0 0 0 0 0 0 0 0 80 2401 -21 119 0 1 -9 300 -0 1 -2 481 -0 1 
76692.5 75 74 72 68 67 65 63 58 56 56 52 0 0 0 0 0 0 0 0 0 0 0 156 2252 -1 482 0 1 8 697 -0 1 18 897 -0 1 
76768.5 76 74 72 68 66 65 63 59 57 56 53 0 0 0 0 0 0 0 0 0 0 0 155 2250 -2 482 0 1 8 700 0 1 18 900 0 1 
82465.2 76 74 72 68 66 65 63 59 57 56 53 0 0 0 0 0 0 0 0 0 0 0 100 2250 -20 200 0 1 -2 482 0 1 18 1100 0 1 
89098.6 77 75 72 68 66 64 63 58 56 55 52 0 0 0 0 0 0 0 0 0 0 0 80 2401 -21 119 0 1 -9 300 0 1 -2 481 0 1 
89078.1 78 75 71 68 66 63 63 58 55 55 52 0 0 0 0 0 0 0 0 0 0 0 80 2400 -21 119 0 1 -9 300 -1 1 -2 480 -1 1 
89071.8 78 74 72 68 66 64 63 57 57 56 53 0 0 0 0 0 0 0 0 0 0 0 80 2402 -20 119 0 1 -8 300 0 1 -2 481 0 1 
89098.6 77 75 72 68 66 64 63 58 56 55 52 0 0 0 0 0 0 0 0 0 0 0 80 2401 -21 119 0 1 -9 300 -0 1 -2 481 -0 1 
76692.5 75 74 72 68 67 65 63 58 56 56 52 0 0 0 0 0 0 0 0 0 0 0 156 2252 -1 482 0 1 8 697 -0 1 18 897 -0 1 
76686.2 75 74 72 68 65 65 63 59 56 56 53 0 0 0 0 0 0 0 0 0 0 0 156 2248 -2 482 0 1 8 697 0 1 18 900 -0 1 
76768.5 76 74 72 68 66 65 63 59 57 56 53 0 0 0 0 0 0 0 0 0 0 0 155 2250 -2 482 0 1 8 700 0 1 18 900 0 1 
82438.7 76 74 72 67 65 65 63 59 56 55 53 0 0 0 0 0 0 0 0 0 0 0 100 2251 -20 201 1 1 -1 481 -1 1 19 1100 -0 1 
82465.2 76 74 72 68 66 65 63 59 57 56 53 0 0 0 0 0 0 0 0 0 0 0 100 2250 -20 200 0 1 -2 482 0 1 18 1100 0 1 
89078.1 78 75 71 68 66 63 63 58 55 55 52 0 0 0 0 0 0 0 0 0 0 0 80 2400 -21 119 0 1 -9 300 -1 1 -2 480 -1 1 
89098.6 77 75 72 68 66 64 63 58 56 55 52 0 0 0 0 0 0 0 0 0 0 0 80 2401 -21 119 0 1 -9 300 -0 1 -2 481 0 1 
89133.8 78 74 72 68 66 64 63 58 56 55 53 0 0 0 0 0 0 0 0 0 0 0 80 2401 -19 119 0 1 -9 300 0 1 -2 481 0 1 
89098.6 77 75 72 68 66 64 63 58 56 55 52 0 0 0 0 0 0 0 0 0 0 0 80 2401 -21 119 0 1 -9 300 -0 1 -2 481 0 1 
89071.8 78 74 72 68 66 64 63 57 57 56 53 0 0 0 0 0 0 0 0 0 0 0 80 2402 -20 119 0 1 -8 300 0 1 -2 481 0 1 
76686.2 75 74 72 68 65 65 63 59 56 56 53 0 0 0 0 0 0 0 0 0 0 0 156 2248 -2 482 0 1 8 697 0 1 18 900 -0 1 
76692.5 75 74 72 68 67 65 63 58 56 56 52 0 0 0 0 0 0 0 0 0 0 0 156 2252 -1 482 0 1 8 697 -0 1 18 897 -0 1 
76768.5 76 74 72 68 66 65 63 59 57 56 53 0 0 0 0 0 0 0 0 0 0 0 155 2250 -2 482 0 1 8 700 0 1 18 900 0 1 
79257.8 76 74 72 66 65 65 63 59 58 56 53 0 0 0 0 0 0 0 0 0 0 0 135 2250 -2 426 0 1 -4 637 -1 1 18 924 0 1 
76768.5 76 74 72 68 66 65 63 59 57 56 53 0 0 0 0 0 0 0 0 0 0 0 155 2250 -2 482 0 1 8 700 0 1 18 900 0 1 
82465.2 76 74 72 68 66 65 63 59 57 56 53 0 0 0 0 0 0 0 0 0 0 0 100 2250 -20 200 0 1 -2 482 0 1 18 1100 0 1 
82438.7 76 74 72 67 65 65 63 59 56 55 53 0 0 0 0 0 0 0 0 0 0 0 100 2251 -20 201 1 1 -1 481 -1 1 19 1100 -0 1 
76686.2 75 74 72 68 65 65 63 59 56 56 53 0 0 0 0 0 0 0 0 0 0 0 156 2248 -2 482 0 1 8 697 0 1 18 900 -0 1 
76692.5 75 74 72 68 67 65 63 58 56 56 52 0 0 0 0 0 0 0 0 0 0 0 156 2252 -1 482 0 1 8 697 -0 1 18 897 -0 1 
79257.8 76 74 72 66 65 65 63 59 58 56 53 0 0 0 0 0 0 0 0 0 0 0 135 2250 -2 426 0 1 -4 637 -1 1 18 924 0 1 
76768.5 76 74 72 68 66 65 63 59 57 56 53 0 0 0 0 0 0 0 0 0 0 0 155 2250 -2 482 0 1 8 700 0 1 18 900 0 1 
76768.5 76 74 72 68 66 65 63 59 57 56 53 0 0 0 0 0 0 0 0 0 0 0 155 2250 -2 482 0 1 8 700 0 1 18 900 0 1 
76686.2 75 74 72 68 65 65 63 59 56 56 53 0 0 0 0 0 0 0 0 0 0 0 156 2248 -2 482 0 1 8 697 0 1 18 900 -0 1 
79183.4 76 74 72 65 65 65 63 58 58 55 52 0 0 0 0 0 0 0 0 0 0 0 135 2251 -3 427 0 1 -3 637 -2 1 18 925 -0 1 
76692.5 75 74 72 68 67 65 63 58 56 56 52 0 0 0 0 0 0 0 0 0 0 0 156 2252 -1 482 0 1 8 697 -0 1 18 897 -0 1 
79257.8 76 74 72 66 65 65 63 59 58 56 53 0 0 0 0 0 0 0 0 0 0 0 135 2250 -2 426 0 1 -4 637 -1 1 18 924 0 1 
79255 76 73 72 66 66 64 62 60 57 56 52 0 0 0 0 0 0 0 0 0 0 0 135 2250 -2 426 0 1 -3 636 -2 1 18 924 -1 1 
76768.5 76 74 72 68 66 65 63 59 57 56 53 0 0 0 0 0 0 0 0 0 0 0 155 2250 -2 482 0 1 8 700 0 1 18 900 0 1 
76768.5 76 74 72 68 66 65 63 59 57 56 53 0 0 0 0 0 0 0 0 0 0 0 155 2250 -2 482 0 1 8 700 0 1 18 900 0 1 
79496 75 75 72 65 65 65 63 58 57 57 52 0 0 0 0 0 0 0 0 0 0 0 133 2270 -5 427 1 1 -1 677 4 1 20 899 -1 1 
76686.2 75 74 72 68 65 65 63 59 56 56 53 0 0 0 0 0 0 0 0 0 0 0 156 2248 -2 482 0 1 8 697 0 1 18 900 -0 1 
80172.5 75 74 72 69 65 65 63 57 57 56 52 0 0 0 0 0 0 0 0 0 0 0 129 2256 -8 436 1 1 9 699 -1 1 19 900 -1 1 
76692.5 75 74 72 68 67 65 63 58 56 56 52 0 0 0 0 0 0 0 0 0 0 0 156 2252 -1 482 0 1 8 697 -0 1 18 897 -0 1 
79183.4 76 74 72 65 65 65 63 58 58 55 52 0 0 0 0 0 0 0 0 0 0 0 135 2251 -3 427 0 1 -3 637 -2 1 18 925 -0 1 
76768.5 76 74 72 68 66 65 63 59 57 56 53 0 0 0 0 0 0 0 0 0 0 0 155 2250 -2 482 0 1 8 700 0 1 18 900 0 1 
76686.2 75 74 72 68 65 65 63 59 56 56 53 0 0 0 0 0 0 0 0 0 0 0 156 2248 -2 482 0 1 8 697 0 1 18 900 -0 1 
76768.5 76 74 72 68 66 65 63 59 57 56 53 0 0 0 0 0 0 0 0 0 0 0 155 2250 -2 482 0 1 8 700 0 1 18 900 0 1 
76326.4 76 74 72 67 66 65 63 59 58 56 53 0 0 0 0 0 0 0 0 0 0 0 159 2250 -2 449 0 1 10 703 -0 1 18 891 0 1 
79163.4 76 72 72 66 65 64 62 60 57 56 52 0 0 0 0 0 0 0 0 0 0 0 135 2251 -1 427 1 1 -4 635 -2 1 18 927 -2 1 
76326.4 76 74 72 67 66 65 63 59 58 56 53 0 0 0 0 0 0 0 0 0 0 0 159 2250 -2 449 0 1 10 703 -0 1 18 891 0 1 
76686.2 75 74 72 68 65 65 63 59 56 56 53 0 0 0 0 0 0 0 0 0 0 0 156 2248 -2 482 0 1 8 697 0 1 18 900 -0 1 
76768.5 76 74 72 68 66 65 63 59 57 56 53 0 0 0 0 0 0 0 0 0 0 0 155 2250 -2 482 0 1 8 700 0 1 18 900 0 1 
76692.5 75 74 72 68 67 65 63 58 56 56 52 0 0 0 0 0 0 0 0 0 0 0 156 2252 -1 482 0 1 8 697 -0 1 18 897 -0 1 
76678.1 74 74 72 68 65 65 62 59 55 55 54 0 0 0 0 0 0 0 0 0 0 0 156 2243 -3 482 -1 1 8 693 -0 1 18 895 -0 1 
84956.6 78 73 69 69 66 64 62 59 59 57 53 0 0 0 0 0 0 0 0 0 0 0 107 2810 -21 213 0 1 4 627 -9 0 18 855 32 1 
76686.2 75 74 72 68 65 65 63 59 56 56 53 0 0 0 0 0 0 0 0 0 0 0 156 2248 -2 482 0 1 8 697 0 1 18 900 -0 1 
76326.4 76 74 72 67 66 65 63 59 58 56 53 0 0 0 0 0 0 0 0 0 0 0 159 2250 -2 449 0 1 10 703 -0 1 18 891 0 1 
76678.1 74 74 72 68 65 65 62 59 55 55 54 0 0 0 0 0 0 0 0 0 0 0 156 2243 -3 482 -1 1 8 693 -0 1 18 895 -0 1 
76692.5 75 74 72 68 67 65 63 58 56 56 52 0 0 0 0 0 0 0 0 0 0 0 156 2252 -1 482 0 1 8 697 -0 1 18 897 -0 1 
76307.4 77 73 71 68 65 65 63 59 57 56 52 0 0 0 0 0 0 0 0 0 0 0 159 2238 -4 450 -1 1 11 694 -0 1 16 906 2 1 
76686.2 75 74 72 68 65 65 63 59 56 56 53 0 0 0 0 0 0 0 0 0 0 0 156 2248 -2 482 0 1 8 697 0 1 18 900 -0 1 
76686.2 75 74 72 68 65 65 63 59 56 56 53 0 0 0 0 0 0 0 0 0 0 0 156 2248 -2 482 0 1 8 697 0 1 18 900 -0 1 
149522 75 75 73 67 65 64 64 59 55 54 53 0 0 0 0 0 0 0 0 0 0 0 84 2143 -4 425 -11 1 12 688 -20 1 18 899 9 1 
76307.4 77 73 71 68 65 65 63 59 57 56 52 0 0 0 0 0 0 0 0 0 0 0 159 2238 -4 450 -1 1 11 694 -0 1 16 906 2 1 
76326.4 76 74 72 67 66 65 63 59 58 56 53 0 0 0 0 0 0 0 0 0 0 0 159 2250 -2 449 0 1 10 703 -0 1 18 891 0 1 
76686.2 75 74 72 68 65 65 63 59 56 56 53 0 0 0 0 0 0 0 0 0 0 0 156 2248 -2 482 0 1 8 697 0 1 18 900 -0 1 
76696.5 76 74 72 68 67 65 62 60 57 57 54 0 0 0 0 0 0 0 0 0 0 0 156 2250 -2 482 0 1 8 691 -0 1 18 896 0 1 
76686.2 75 74 72 68 65 65 63 59 56 56 53 0 0 0 0 0 0 0 0 0 0 0 156 2248 -2 482 0 1 8 697 0 1 18 900 -0 1 
76678.1 74 74 72 68 65 65 62 59 55 55 54 0 0 0 0 0 0 0 0 0 0 0 156 2243 -3 482 -1 1 8 693 -0 1 18 895 -0 1 
76307.4 77 73 71 68 65 65 63 59 57 56 52 0 0 0 0 0 0 0 0 0 0 0 159 2238 -4 450 -1 1 11 694 -0 1 16 906 2 1 
76686.2 75 74 72 68 65 65 63 59 56 56 53 0 0 0 0 0 0 0 0 0 0 0 156 2248 -2 482 0 1 8 697 0 1 18 900 -0 1 
76326.4 76 74 72 67 66 65 63 59 58 56 53 0 0 0 0 0 0 0 0 0 0 0 159 2250 -2 449 0 1 10 703 -0 1 18 891 0 1 
76678.1 74 74 72 68 65 65 62 59 55 55 54 0 0 0 0 0 0 0 0 0 0 0 156 2243 -3 482 -1 1 8 693 -0 1 18 895 -0 1 
76686.2 75 74 72 68 65 65 63 59 56 56 53 0 0 0 0 0 0 0 0 0 0 0 156 2248 -2 482 0 1 8 697 0 1 18 900 -0 1 
76307.4 77 73 71 68 65 65 63 59 57 56 52 0 0 0 0 0 0 0 0 0 0 0 159 2238 -4 450 -1 1 11 694 -0 1 16 906 2 1 
76326.4 76 74 72 67 66 65 63 59 58 56 53 0 0 0 0 0 0 0 0 0 0 0 159 2250 -2 449 0 1 10 703 -0 1 18 891 0 1 
76686.2 75 74 72 68 65 65 63 59 56 56 53 0 0 0 0 0 0 0 0 0 0 0 156 2248 -2 482 0 1 8 697 0 1 18 900 -0 1 
76555.8 76 74 71 68 65 65 63 59 59 56 52 0 0 0 0 0 0 0 0 0 0 0 155 2238 -5 451 1 1 11 694 -0 1 15 896 -2 1 
76686.2 75 74 72 68 65 65 63 59 56 56 53 0 0 0 0 0 0 0 0 0 0 0 156 2248 -2 482 0 1 8 697 0 1 18 900 -0 1 
76678.1 74 74 72 68 65 65 62 59 55 55 54 0 0 0 0 0 0 0 0 0 0 0 156 2243 -3 482 -1 1 8 693 -0 1 18 895 -0 1 
76307.4 77 73 71 68 65 65 63 59 57 56 52 0 0 0 0 0 0 0 0 0 0 0 159 2238 -4 450 -1 1 11 694 -0 1 16 906 2 1 
76326.4 76 74 72 67 66 65 63 59 58 56 53 0 0 0 0 0 0 0 0 0 0 0 159 2250 -2 449 0 1 10 703 -0 1 18 891 0 1 
76686.2 75 74 72 68 65 65 63 59 56 56 53 0 0 0 0 0 0 0 0 0 0 0 156 2248 -2 482 0 1 8 697 0 1 18 900 -0 1 
76678.4 74 74 72 68 65 65 64 59 55 54 52 0 0 0 0 0 0 0 0 0 0 0 156 2248 -1 482 -1 1 8 694 -0 1 18 902 -0 1 
76678.1 74 74 72 68 65 65 62 59 55 55 54 0 0 0 0 0 0 0 0 0 0 0 156 2243 -3 482 -1 1 8 693 -0 1 18 895 -0 1 
76555.8 76 74 71 68 65 65 63 59 59 56 52 0 0 0 0 0 0 0 0 0 0 0 155 2238 -5 451 1 1 11 694 -0 1 15 896 -2 1 
253677 77 73 71 68 65 65 64 60 56 55 54 0 0 0 0 0 0 0 0 0 0 0 76 2180 -3 447 0 1 7 608 -0 1 18 864 3 1 
76307.4 77 73 71 68 65 65 63 59 57 56 52 0 0 0 0 0 0 0 0 0 0 0 159 2238 -4 450 -1 1 11 694 -0 1 16 906 2 1 
76326.4 76 74 72 67 66 65 63 59 58 56 53 0 0 0 0 0 0 0 0 0 0 0 159 2250 -2 449 0 1 10 703 -0 1 18 891 0 1 
76678.4 74 74 72 68 65 65 64 59 55 54 52 0 0 0 0 0 0 0 0 0 0 0 156 2248 -1 482 -1 1 8 694 -0 1 18 902 -0 1 
76555.8 76 74 71 68 65 65 63 59 59 56 52 0 0 0 0 0 0 0 0 0 0 0 155 2238 -5 451 1 1 11 694 -0 1 15 896 -2 1 
76678.1 74 74 72 68 65 65 62 59 55 55 54 0 0 0 0 0 0 0 0 0 0 0 156 2243 -3 482 -1 1 8 693 -0 1 18 895 -0 1 
76819.2 76 73 72 72 65 65 62 60 55 53 53 0 0 0 0 0 0 0 0 0 0 0 159 2267 -3 412 -9 1 10 734 -1 1 20 948 96 1 
79373.1 74 73 73 68 65 65 63 59 56 55 53 0 0 0 0 0 0 0 0 0 0 0 139 2171 -4 357 -12 1 8 687 -0 1 19 909 2 1 
76307.4 77 73 71 68 65 65 63 59 57 56 52 0 0 0 0 0 0 0 0 0 0 0 159 2238 -4 450 -1 1 11 694 -0 1 16 906 2 1 
76814.6 75 73 72 72 65 65 62 59 55 54 52 0 0 0 0 0 0 0 0 0 0 0 159 2268 -4 412 -9 1 10 734 -2 1 20 949 97 1 
76326.4 76 74 72 67 66 65 63 59 58 56 53 0 0 0 0 0 0 0 0 0 0 0 159 2250 -2 449 0 1 10 703 -0 1 18 891 0 1 
76678.4 74 74 72 68 65 65 64 59 55 54 52 0 0 0 0 0 0 0 0 0 0 0 156 2248 -1 482 -1 1 8 694 -0 1 18 902 -0 1 
86133.5 78 73 72 67 65 64 63 59 57 56 51 0 0 0 0 0 0 0 0 0 0 0 107 2584 -3 467 -1 1 6 692 -23 1 16 930 -0 1 
76678.1 74 74 72 68 65 65 62 59 55 55 54 0 0 0 0 0 0 0 0 0 0 0 156 2243 -3 482 -1 1 8 693 -0 1 18 895 -0 1 
76555.8 76 74 71 68 65 65 63 59 59 56 52 0 0 0 0 0 0 0 0 0 0 0 155 2238 -5 451 1 1 11 694 -0 1 15 896 -2 1 
76363.2 76 73 72 68 67 65 61 60 59 59 53 0 0 0 0 0 0 0 0 0 0 0 159 2267 -2 464 -21 1 10 724 -0 1 21 938 25 1 
76307.4 77 73 71 68 65 65 63 59 57 56 52 0 0 0 0 0 0 0 0 0 0 0 159 2238 -4 450 -1 1 11 694 -0 1 16 906 2 1 
76555.8 76 74 71 68 65 65 63 59 59 56 52 0 0 0 0 0 0 0 0 0 0 0 155 2238 -5 451 1 1 11 694 -0 1 15 896 -2 1 
76846.7 75 74 72 67 65 65 62 59 55 54 53 0 0 0 0 0 0 0 0 0 0 0 159 2187 -3 409 -10 1 8 662 -1 1 18 888 -4 1 
76586.6 77 74 72 68 66 65 64 59 58 58 52 0 0 0 0 0 0 0 0 0 0 0 156 2248 -0 440 -0 1 10 691 -0 1 18 894 -0 1 
77836 75 75 72 67 65 64 61 61 56 54 54 0 0 0 0 0 0 0 0 0 0 0 147 2310 -6 390 -8 1 7 698 3 1 19 909 8 1 
76363.2 76 73 72 68 67 65 61 60 59 59 53 0 0 0 0 0 0 0 0 0 0 0 159 2267 -2 464 -21 1 10 724 -0 1 21 938 25 1 
76469.7 76 74 72 69 66 64 63 60 58 55 50 0 0 0 0 0 0 0 0 0 0 0 159 1998 -10 449 -1 1 -4 686 -1 1 9 896 -2 1 
76326.4 76 74 72 67 66 65 63 59 58 56 53 0 0 0 0 0 0 0 0 0 0 0 159 2250 -2 449 0 1 10 703 -0 1 18 891 0 1 
76858.2 76 74 73 68 66 65 63 58 58 56 52 0 0 0 0 0 0 0 0 0 0 0 153 2239 -2 475 -2 1 5 692 -1 1 18 891 -3 1 
76678.1 74 74 72 68 65 65 62 59 55 55 54 0 0 0 0 0 0 0 0 0 0 0 156 2243 -3 482 -1 1 8 693 -0 1 18 895 -0 1 
136320 76 74 72 67 65 65 64 60 58 56 53 0 0 0 0 0 0 0 0 0 0 0 83 2245 -3 435 -3 1 10 694 -0 1 18 1089 27 1 
76307.4 77 73 71 68 65 65 63 59 57 56 52 0 0 0 0 0 0 0 0 0 0 0 159 2238 -4 450 -1 1 11 694 -0 1 16 906 2 1 
92864.9 76 76 72 68 66 64 62 61 57 56 52 0 0 0 0 0 0 0 0 0 0 0 102 2239 -2 477 -2 1 10 695 -1 1 17 927 9 1 
76467.5 77 72 71 68 65 65 63 59 59 56 52 0 0 0 0 0 0 0 0 0 0 0 156 2238 -2 449 1 1 11 694 -0 1 17 894 -2 1 
76326.4 76 74 72 67 66 65 63 59 58 56 53 0 0 0 0 0 0 0 0 0 0 0 159 2250 -2 449 0 1 10 703 -0 1 18 891 0 1 
76555.8 76 74 71 68 65 65 63 59 59 56 52 0 0 0 0 0 0 0 0 0 0 0 155 2238 -5 451 1 1 11 694 -0 1 15 896 -2 1 
76479.4 76 74 72 67 66 64 63 58 58 56 51 0 0 0 0 0 0 0 0 0 0 0 156 2289 -3 459 -2 1 -5 686 -1 1 15 891 -4 1 
76469.7 76 74 72 69 66 64 63 60 58 55 50 0 0 0 0 0 0 0 0 0 0 0 159 1998 -10 449 -1 1 -4 686 -1 1 9 896 -2 1 
77052.6 76 74 74 69 65 62 62 60 58 56 52 0 0 0 0 0 0 0 0 0 0 0 151 2219 -7 477 2 1 9 687 -1 1 16 881 -9 1 
76462.3 76 72 72 70 65 63 63 59 59 56 54 0 0 0 0 0 0 0 0 0 0 0 156 2319 -2 449 0 1 10 673 -1 1 18 1061 15 1 
76363.2 76 73 72 68 67 65 61 60 59 59 53 0 0 0 0 0 0 0 0 0 0 0 159 2267 -2 464 -21 1 10 724 -0 1 21 938 25 1 
76307.4 77 73 71 68 65 65 63 59 57 56 52 0 0 0 0 0 0 0 0 0 0 0 159 2238 -4 450 -1 1 11 694 -0 1 16 906 2 1 
77128.2 79 73 71 69 63 63 62 60 57 53 53 0 0 0 0 0 0 0 0 0 0 0 150 2246 -1 482 0 1 9 713 -1 1 20 902 -21 1 
76326.4 76 74 72 67 66 65 63 59 58 56 53 0 0 0 0 0 0 0 0 0 0 0 159 2250 -2 449 0 1 10 703 -0 1 18 891 0 1 
76467.5 77 72 71 68 65 65 63 59 59 56 52 0 0 0 0 0 0 0 0 0 0 0 156 2238 -2 449 1 1 11 694 -0 1 17 894 -2 1 
78160.9 75 73 72 67 65 64 62 60 57 56 54 0 0 0 0 0 0 0 0 0 0 0 139 2253 -3 468 -8 1 10 665 40 1 18 934 -2 1 
76462.3 76 72 72 70 65 63 63 59 59 56 54 0 0 0 0 0 0 0 0 0 0 0 156 2319 -2 449 0 1 10 673 -1 1 18 1061 15 1 
76597.6 76 74 73 70 66 63 63 58 58 56 53 0 0 0 0 0 0 0 0 0 0 0 154 2245 -1 453 -1 1 -4 690 -1 1 13 897 9 1 
76363.2 76 73 72 68 67 65 61 60 59 59 53 0 0 0 0 0 0 0 0 0 0 0 159 2267 -2 464 -21 1 10 724 -0 1 21 938 25 1 
76307.4 77 73 71 68 65 65 63 59 57 56 52 0 0 0 0 0 0 0 0 0 0 0 159 2238 -4 450 -1 1 11 694 -0 1 16 906 2 1 
76464.1 77 73 71 66 65 65 65 59 59 56 53 0 0 0 0 0 0 0 0 0 0 0 157 2189 -8 451 1 1 5 668 -1 1 22 1241 -18 1 
76326.4 76 74 72 67 66 65 63 59 58 56 53 0 0 0 0 0 0 0 0 0 0 0 159 2250 -2 449 0 1 10 703 -0 1 18 891 0 1 
76467.5 77 72 71 68 65 65 63 59 59 56 52 0 0 0 0 0 0 0 0 0 0 0 156 2238 -2 449 1 1 11 694 -0 1 17 894 -2 1 
76454.4 77 72 71 69 65 63 63 59 59 56 55 0 0 0 0 0 0 0 0 0 0 0 156 2299 -2 449 0 1 10 692 -1 1 16 887 -2 1 
76462.3 76 72 72 70 65 63 63 59 59 56 54 0 0 0 0 0 0 0 0 0 0 0 156 2319 -2 449 0 1 10 673 -1 1 18 1061 15 1 
76295 76 73 71 68 64 64 63 59 57 56 51 0 0 0 0 0 0 0 0 0 0 0 159 2240 -4 450 -1 1 10 692 -0 1 15 902 2 1 
76363.2 76 73 72 68 67 65 61 60 59 59 53 0 0 0 0 0 0 0 0 0 0 0 159 2267 -2 464 -21 1 10 724 -0 1 21 938 25 1 
76295 76 73 71 68 64 64 63 59 57 56 51 0 0 0 0 0 0 0 0 0 0 0 159 2240 -4 450 -1 1 10 692 -0 1 15 902 2 1 
76467.5 77 72 71 68 65 65 63 59 59 56 52 0 0 0 0 0 0 0 0 0 0 0 156 2238 -2 449 1 1 11 694 -0 1 17 894 -2 1 
88692.5 77 73 71 68 68 65 65 58 57 56 54 0 0 0 0 0 0 0 0 0 0 0 110 2154 -2 425 -12 1 6 693 -2 1 23 932 1 1 
76326.4 76 74 72 67 66 65 63 59 58 56 53 0 0 0 0 0 0 0 0 0 0 0 159 2250 -2 449 0 1 10 703 -0 1 18 891 0 1 
76266.2 76 74 70 69 65 64 63 60 56 56 50 0 0 0 0 0 0 0 0 0 0 0 160 2227 -5 451 -1 1 8 711 2 1 16 891 1 1 
76363.2 76 73 72 68 67 65 61 60 59 59 53 0 0 0 0 0 0 0 0 0 0 0 159 2267 -2 464 -21 1 10 724 -0 1 21 938 25 1 
78317.9 87 77 73 67 65 61 61 58 57 56 53 0 0 0 0 0 0 0 0 0 0 0 149 2004 -18 161 -4 1 4 722 -13 1 8 978 9 1 
76391.1 76 76 72 66 64 63 60 60 57 56 54 0 0 0 0 0 0 0 0 0 0 0 157 2240 -1 452 -2 1 9 669 -3 1 15 976 15 1 
76307.4 77 73 71 68 65 65 63 59 57 56 52 0 0 0 0 0 0 0 0 0 0 0 159 2238 -4 450 -1 1 11 694 -0 1 16 906 2 1 
76454.4 77 72 71 69 65 63 63 59 59 56 55 0 0 0 0 0 0 0 0 0 0 0 156 2299 -2 449 0 1 10 692 -1 1 16 887 -2 1 
76266.2 76 74 70 69 65 64 63 60 56 56 50 0 0 0 0 0 0 0 0 0 0 0 160 2227 -5 451 -1 1 8 711 2 1 16 891 1 1 
76295 76 73 71 68 64 64 63 59 57 56 51 0 0 0 0 0 0 0 0 0 0 0 159 2240 -4 450 -1 1 10 692 -0 1 15 902 2 1 
76363.2 76 73 72 68 67 65 61 60 59 59 53 0 0 0 0 0 0 0 0 0 0 0 159 2267 -2 464 -21 1 10 724 -0 1 21 938 25 1 
82830.8 75 71 71 69 69 63 62 59 57 55 52 0 0 0 0 0 0 0 0 0 0 0 119 2230 -0 450 -5 1 16 769 19 1 15 932 11 1 
76307.4 77 73 71 68 65 65 63 59 57 56 52 0 0 0 0 0 0 0 0 0 0 0 159 2238 -4 450 -1 1 11 694 -0 1 16 906 2 1 
76326.4 76 74 72 67 66 65 63 59 58 56 53 0 0 0 0 0 0 0 0 0 0 0 159 2250 -2 449 0 1 10 703 -0 1 18 891 0 1 
76320.5 77 71 71 67 66 65 63 59 57 56 51 0 0 0 0 0 0 0 0 0 0 0 159 2266 -4 450 1 1 10 694 -0 1 19 905 3 1 
78849.6 76 75 71 67 66 64 64 60 60 56 53 0 0 0 0 0 0 0 0 0 0 0 135 2214 0 464 -9 1 6 685 19 1 19 915 -8 1 
76266.2 76 74 70 69 65 64 63 60 56 56 50 0 0 0 0 0 0 0 0 0 0 0 160 2227 -5 451 -1 1 8 711 2 1 16 891 1 1 
76295 76 73 71 68 64 64 63 59 57 56 51 0 0 0 0 0 0 0 0 0 0 0 159 2240 -4 450 -1 1 10 692 -0 1 15 902 2 1 
76326.4 76 74 72 67 66 65 63 59 58 56 53 0 0 0 0 0 0 0 0 0 0 0 159 2250 -2 449 0 1 10 703 -0 1 18 891 0 1 
77307.2 74 74 73 66 66 64 63 60 59 57 52 0 0 0 0 0 0 0 0 0 0 0 157 2160 -3 377 -7 1 9 711 3 1 21 906 11 1 
76418 84 71 71 68 65 63 63 59 59 56 55 0 0 0 0 0 0 0 0 0 0 0 157 2243 -1 452 -0 1 7 698 -0 1 19 900 -12 1 
76307.4 77 73 71 68 65 65 63 59 57 56 52 0 0 0 0 0 0 0 0 0 0 0 159 2238 -4 450 -1 1 11 694 -0 1 16 906 2 1 
76320.5 77 71 71 67 66 65 63 59 57 56 51 0 0 0 0 0 0 0 0 0 0 0 159 2266 -4 450 1 1 10 694 -0 1 19 905 3 1 
76261.9 76 74 70 69 65 63 63 59 56 56 50 0 0 0 0 0 0 0 0 0 0 0 160 2227 -5 452 -1 1 8 710 1 1 16 891 0 1 
76255.8 76 74 69 69 66 64 63 60 55 55 54 0 0 0 0 0 0 0 0 0 0 0 160 2229 -5 451 -4 1 11 701 2 1 17 894 1 1 
77980.4 77 71 71 67 66 64 64 61 57 56 50 0 0 0 0 0 0 0 0 0 0 0 141 2161 -6 450 0 1 10 695 -2 1 17 892 1 1 
76593 76 74 71 68 65 64 62 58 57 56 53 0 0 0 0 0 0 0 0 0 0 0 154 2244 -4 453 -0 1 9 805 4 1 14 987 15 1 
76307.4 77 73 71 68 65 65 63 59 57 56 52 0 0 0 0 0 0 0 0 0 0 0 159 2238 -4 450 -1 1 11 694 -0 1 16 906 2 1 
76295 76 73 71 68 64 64 63 59 57 56 51 0 0 0 0 0 0 0 0 0 0 0 159 2240 -4 450 -1 1 10 692 -0 1 15 902 2 1 
81574.4 76 74 70 69 65 63 63 61 57 56 50 0 0 0 0 0 0 0 0 0 0 0 127 2204 -5 408 2 1 -2 623 1 1 15 940 168 1 
79422.5 74 74 70 69 68 65 62 62 58 55 54 0 0 0 0 0 0 0 0 0 0 0 136 2218 -14 400 0 1 9 687 -4 1 17 939 16 1 
76321.1 77 73 71 68 66 66 63 59 57 56 53 0 0 0 0 0 0 0 0 0 0 0 159 2241 -4 450 -1 1 10 693 -0 1 14 906 2 1 
76695.4 78 75 75 71 65 64 61 59 58 54 52 0 0 0 0 0 0 0 0 0 0 0 153 2249 1 459 -3 1 1 709 -1 1 14 991 -14 1 
76261.9 76 74 70 69 65 63 63 59 56 56 50 0 0 0 0 0 0 0 0 0 0 0 160 2227 -5 452 -1 1 8 710 1 1 16 891 0 1 
78797.2 76 75 72 71 65 63 63 61 54 54 51 0 0 0 0 0 0 0 0 0 0 0 136 2389 -5 437 12 1 5 699 -1 1 12 887 -3 1 
78531.2 77 73 73 68 65 64 63 61 58 56 54 0 0 0 0 0 0 0 0 0 0 0 137 2222 -7 449 -1 1 9 694 -3 1 18 896 4 1 
76312.9 76 73 71 69 65 64 63 60 58 57 54 0 0 0 0 0 0 0 0 0 0 0 159 2261 -3 451 -1 1 10 720 2 1 18 900 1 1 
76266.2 76 74 70 69 65 64 63 60 56 56 50 0 0 0 0 0 0 0 0 0 0 0 160 2227 -5 451 -1 1 8 711 2 1 16 891 1 1 
76320.5 77 71 71 67 66 65 63 59 57 56 51 0 0 0 0 0 0 0 0 0 0 0 159 2266 -4 450 1 1 10 694 -0 1 19 905 3 1 
76255.8 76 74 69 69 66 64 63 60 55 55 54 0 0 0 0 0 0 0 0 0 0 0 160 2229 -5 451 -4 1 11 701 2 1 17 894 1 1 
96944.1 76 75 70 68 66 64 63 60 57 53 51 0 0 0 0 0 0 0 0 0 0 0 94 2455 -5 450 2 1 3 695 -0 1 15 893 -7 1 
76699.9 78 74 74 71 66 63 60 58 58 54 51 0 0 0 0 0 0 0 0 0 0 0 153 2249 0 460 -2 1 1 709 -1 1 14 991 -15 1 
76261.9 76 74 70 69 65 63 63 59 56 56 50 0 0 0 0 0 0 0 0 0 0 0 160 2227 -5 452 -1 1 8 710 1 1 16 891 0 1 
76307.4 77 73 71 68 65 65 63 59 57 56 52 0 0 0 0 0 0 0 0 0 0 0 159 2238 -4 450 -1 1 11 694 -0 1 16 906 2 1 
76321.4 77 71 71 66 66 65 64 59 56 55 52 0 0 0 0 0 0 0 0 0 0 0 159 2276 -2 450 1 1 11 686 -1 1 21 921 3 1 
76295 76 73 71 68 64 64 63 59 57 56 51 0 0 0 0 0 0 0 0 0 0 0 159 2240 -4 450 -1 1 10 692 -0 1 15 902 2 1 
77738.1 74 74 69 69 68 63 62 61 58 55 54 0 0 0 0 0 0 0 0 0 0 0 150 2221 -14 373 -1 1 8 688 -6 1 20 919 12 1 
76266.2 76 74 70 69 65 64 63 60 56 56 50 0 0 0 0 0 0 0 0 0 0 0 160 2227 -5 451 -1 1 8 711 2 1 16 891 1 1 
81029.6 77 74 72 67 67 64 63 61 57 56 54 0 0 0 0 0 0 0 0 0 0 0 125 2233 -8 449 -0 1 9 694 -1 1 20 895 4 1 
85765.7 75 74 72 69 66 63 63 61 58 55 52 0 0 0 0 0 0 0 0 0 0 0 116 2267 -7 321 -5 1 12 745 15 1 18 959 -18 1 
76255.8 76 74 69 69 66 64 63 60 55 55 54 0 0 0 0 0 0 0 0 0 0 0 160 2229 -5 451 -4 1 11 701 2 1 17 894 1 1 
76734.7 78 75 74 71 67 62 59 59 58 54 51 0 0 0 0 0 0 0 0 0 0 0 153 2239 0 461 -1 1 1 721 -2 1 14 1001 -16 1 
76261.9 76 74 70 69 65 63 63 59 56 56 50 0 0 0 0 0 0 0 0 0 0 0 160 2227 -5 452 -1 1 8 710 1 1 16 891 0 1 
76307.4 77 73 71 68 65 65 63 59 57 56 52 0 0 0 0 0 0 0 0 0 0 0 159 2238 -4 450 -1 1 11 694 -0 1 16 906 2 1 
90346.6 76 73 69 67 66 63 63 59 58 55 52 0 0 0 0 0 0 0 0 0 0 0 101 2438 -1 450 -3 1 7 695 -3 1 18 893 -11 1 
77261.6 78 73 71 71 66 65 63 59 58 53 50 0 0 0 0 0 0 0 0 0 0 0 147 2262 1 467 -3 1 13 706 -2 1 15 876 13 1 
76295 76 73 71 68 64 64 63 59 57 56 51 0 0 0 0 0 0 0 0 0 0 0 159 2240 -4 450 -1 1 10 692 -0 1 15 902 2 1 
76709.1 79 74 74 71 66 63 59 58 57 53 51 0 0 0 0 0 0 0 0 0 0 0 153 2248 1 461 -3 1 1 711 -1 1 15 990 -16 1 
76266.2 76 74 70 69 65 64 63 60 56 56 50 0 0 0 0 0 0 0 0 0 0 0 160 2227 -5 451 -1 1 8 711 2 1 16 891 1 1 
76255.8 76 74 69 69 66 64 63 60 55 55 54 0 0 0 0 0 0 0 0 0 0 0 160 2229 -5 451 -4 1 11 701 2 1 17 894 1 1 
78364.6 75 74 72 69 67 64 63 62 58 54 53 0 0 0 0 0 0 0 0 0 0 0 144 2241 -21 367 2 1 -1 643 -5 1 20 880 12 1 
76261.9 76 74 70 69 65 63 63 59 56 56 50 0 0 0 0 0 0 0 0 0 0 0 160 2227 -5 452 -1 1 8 710 1 1 16 891 0 1 
76307.4 77 73 71 68 65 65 63 59 57 56 52 0 0 0 0 0 0 0 0 0 0 0 159 2238 -4 450 -1 1 11 694 -0 1 16 906 2 1 
76266.2 76 74 70 69 65 64 63 60 56 56 50 0 0 0 0 0 0 0 0 0 0 0 160 2227 -5 451 -1 1 8 711 2 1 16 891 1 1 
77136.1 76 73 72 69 67 65 64 59 56 52 51 0 0 0 0 0 0 0 0 0 0 0 151 2414 -4 424 -3 1 7 707 1 1 15 894 0 1 
76295 76 73 71 68 64 64 63 59 57 56 51 0 0 0 0 0 0 0 0 0 0 0 159 2240 -4 450 -1 1 10 692 -0 1 15 902 2 1 
80223.3 82 76 72 68 68 65 64 60 55 53 52 0 0 0 0 0 0 0 0 0 0 0 132 2229 -4 404 2 1 3 734 -23 1 18 894 12 1 
82386 79 74 71 67 66 64 62 60 57 52 52 0 0 0 0 0 0 0 0 0 0 0 132 2199 -8 429 21 1 12 736 -5 1 21 1182 4 1 
76255.8 76 74 69 69 66 64 63 60 55 55 54 0 0 0 0 0 0 0 0 0 0 0 160 2229 -5 451 -4 1 11 701 2 1 17 894 1 1 
76303.5 75 75 71 68 64 64 63 61 59 56 51 0 0 0 0 0 0 0 0 0 0 0 159 2266 -2 452 -1 1 6 675 -1 1 19 864 10 1 
76261.9 76 74 70 69 65 63 63 59 56 56 50 0 0 0 0 0 0 0 0 0 0 0 160 2227 -5 452 -1 1 8 710 1 1 16 891 0 1 
76307.4 77 73 71 68 65 65 63 59 57 56 52 0 0 0 0 0 0 0 0 0 0 0 159 2238 -4 450 -1 1 11 694 -0 1 16 906 2 1 
78886.9 82 75 72 68 66 65 63 58 55 54 52 0 0 0 0 0 0 0 0 0 0 0 140 2249 -5 359 -5 1 2 700 -12 1 16 1186 -2 1 
76266.2 76 74 70 69 65 64 63 60 56 56 50 0 0 0 0 0 0 0 0 0 0 0 160 2227 -5 451 -1 1 8 711 2 1 16 891 1 1 
76295 76 73 71 68 64 64 63 59 57 56 51 0 0 0 0 0 0 0 0 0 0 0 159 2240 -4 450 -1 1 10 692 -0 1 15 902 2 1 
76255.8 76 74 69 69 66 64 63 60 55 55 54 0 0 0 0 0 0 0 0 0 0 0 160 2229 -5 451 -4 1 11 701 2 1 17 894 1 1 
76261.9 76 74 70 69 65 63 63 59 56 56 50 0 0 0 0 0 0 0 0 0 0 0 160 2227 -5 452 -1 1 8 710 1 1 16 891 0 1 
76303.5 75 75 71 68 64 64 63 61 59 56 51 0 0 0 0 0 0 0 0 0 0 0 159 2266 -2 452 -1 1 6 675 -1 1 19 864 10 1 
76266.2 76 74 70 69 65 64 63 60 56 56 50 0 0 0 0 0 0 0 0 0 0 0 160 2227 -5 451 -1 1 8 711 2 1 16 891 1 1 
77236.4 76 74 69 67 65 64 63 60 56 56 50 0 0 0 0 0 0 0 0 0 0 0 145 2238 -6 448 -3 1 7 666 4 1 16 877 -0 1 
76295 76 73 71 68 64 64 63 59 57 56 51 0 0 0 0 0 0 0 0 0 0 0 159 2240 -4 450 -1 1 10 692 -0 1 15 902 2 1 
82516.4 80 74 71 67 65 64 63 60 57 52 52 0 0 0 0 0 0 0 0 0 0 0 126 2211 -5 448 28 1 13 730 -6 1 24 1169 4 1 
95783.5 76 75 70 67 67 64 63 63 59 54 51 0 0 0 0 0 0 0 0 0 0 0 97 2285 -11 449 -20 1 4 718 -4 1 19 1085 5 1 
76255.8 76 74 69 69 66 64 63 60 55 55 54 0 0 0 0 0 0 0 0 0 0 0 160 2229 -5 451 -4 1 11 701 2 1 17 894 1 1 
76261.9 76 74 70 69 65 63 63 59 56 56 50 0 0 0 0 0 0 0 0 0 0 0 160 2227 -5 452 -1 1 8 710 1 1 16 891 0 1 
76303.5 75 75 71 68 64 64 63 61 59 56 51 0 0 0 0 0 0 0 0 0 0 0 159 2266 -2 452 -1 1 6 675 -1 1 19 864 10 1 
103831 82 74 74 68 66 63 62 59 56 54 52 0 0 0 0 0 0 0 0 0 0 0 93 2239 -3 451 0 1 11 673 -6 1 15 959 10 1 
76295 76 73 71 68 64 64 63 59 57 56 51 0 0 0 0 0 0 0 0 0 0 0 159 2240 -4 450 -1 1 10 692 0 1 15 902 2 1 
76333.5 77 72 70 70 66 64 63 60 57 55 50 0 0 0 0 0 0 0 0 0 0 0 159 2226 -3 451 -13 1 9 696 166 1 16 892 1 1 
76295 76 73 71 68 64 64 63 59 57 56 51 0 0 0 0 0 0 0 0 0 0 0 159 2240 -4 450 -1 1 10 692 -0 1 15 902 2 1 
76266.2 76 74 70 69 65 64 63 60 56 56 50 0 0 0 0 0 0 0 0 0 0 0 160 2227 -5 451 -1 1 8 711 2 1 16 891 1 1 
83239.4 74 74 73 68 66 63 63 59 56 54 52 0 0 0 0 0 0 0 0 0 0 0 118 2241 -6 453 0 1 8 726 -15 1 15 953 2 1 
76255.8 76 74 69 69 66 64 63 60 55 55 54 0 0 0 0 0 0 0 0 0 0 0 160 2229 -5 451 -4 1 11 701 2 1 17 894 1 1 
76489.9 76 74 71 69 64 63 63 59 56 55 52 0 0 0 0 0 0 0 0 0 0 0 157 2228 -4 461 1 1 8 711 4 1 19 903 -2 1 
76266.2 76 74 70 69 65 64 63 60 56 56 50 0 0 0 0 0 0 0 0 0 0 0 160 2227 -5 451 -1 1 8 711 2 1 16 891 1 1 
76266.2 76 74 70 69 65 64 63 60 56 56 50 0 0 0 0 0 0 0 0 0 0 0 160 2227 -5 451 -1 1 8 711 2 1 16 891 1 1 
84844.9 75 75 71 67 64 64 64 59 57 55 53 0 0 0 0 0 0 0 0 0 0 0 115 2233 -2 457 7 1 8 701 96 1 16 893 1 1 
76261.9 76 74 70 69 65 63 63 59 56 56 50 0 0 0 0 0 0 0 0 0 0 0 160 2227 -5 452 -1 1 8 710 1 1 16 891 0 1 
77746.6 76 74 71 68 65 64 63 62 56 55 51 0 0 0 0 0 0 0 0 0 0 0 141 2252 -2 451 -7 1 12 715 1 1 13 1058 0 1 
76295 76 73 71 68 64 64 63 59 57 56 51 0 0 0 0 0 0 0 0 0 0 0 159 2240 -4 450 -1 1 10 692 -0 1 15 902 2 1 
76295 76 73 71 68 64 64 63 59 57 56 51 0 0 0 0 0 0 0 0 0 0 0 159 2240 -4 450 -1 1 10 692 0 1 15 902 2 1 
116526 76 74 71 70 64 64 62 60 57 57 50 0 0 0 0 0 0 0 0 0 0 0 89 2208 -8 454 -5 1 9 675 7 1 15 913 3 1 
76255.8 76 74 69 69 66 64 63 60 55 55 54 0 0 0 0 0 0 0 0 0 0 0 160 2229 -5 451 -4 1 11 701 2 1 17 894 1 1 
76261.9 76 74 70 69 65 63 63 59 56 56 50 0 0 0 0 0 0 0 0 0 0 0 160 2227 -5 452 -1 1 8 710 1 1 16 891 0 1 
76295 76 73 71 68 64 64 63 59 57 56 51 0 0 0 0 0 0 0 0 0 0 0 159 2240 -4 450 -1 1 10 692 -0 1 15 902 2 1 
76266.2 76 74 70 69 65 64 63 60 56 56 50 0 0 0 0 0 0 0 0 0 0 0 160 2227 -5 451 -1 1 8 711 2 1 16 891 1 1 
92610.7 76 73 71 68 65 65 63 59 56 56 51 0 0 0 0 0 0 0 0 0 0 0 102 2224 -9 440 -5 1 10 797 2 1 24 965 14 1 
76266.2 76 74 70 69 65 64 63 60 56 56 50 0 0 0 0 0 0 0 0 0 0 0 160 2227 -5 451 -1 1 8 711 2 1 16 891 1 1 
76266.2 76 74 70 69 65 64 63 60 56 56 50 0 0 0 0 0 0 0 0 0 0 0 160 2227 -5 451 -1 1 8 711 2 1 16 891 1 1 
92716.5 76 73 71 68 65 64 62 62 55 54 50 0 0 0 0 0 0 0 0 0 0 0 105 2276 -5 421 -10 1 10 712 6 1 15 894 2 1 
76255.8 76 74 69 69 66 64 63 60 55 55 54 0 0 0 0 0 0 0 0 0 0 0 160 2229 -5 451 -4 1 11 701 2 1 17 894 1 1 
76261.9 76 74 70 69 65 63 63 59 56 56 50 0 0 0 0 0 0 0 0 0 0 0 160 2227 -5 452 -1 1 8 710 1 1 16 891 0 1 
76266.2 76 74 70 69 65 64 63 60 56 56 50 0 0 0 0 0 0 0 0 0 0 0 160 2227 -5 451 -1 1 8 711 2 1 16 891 1 1 
76266.2 76 74 70 69 65 64 63 60 56 56 50 0 0 0 0 0 0 0 0 0 0 0 160 2227 -5 451 -1 1 8 711 2 1 16 891 1 1 
76266.2 76 74 70 69 65 64 63 60 56 56 50 0 0 0 0 0 0 0 0 0 0 0 160 2227 -5 451 -1 1 8 711 2 1 16 891 1 1 
77305.1 76 72 71 68 68 64 63 62 56 56 51 0 0 0 0 0 0 0 0 0 0 0 154 2228 -4 402 -14 1 10 669 7 1 14 859 4 1 
80636.3 77 74 70 69 65 64 63 61 58 56 50 0 0 0 0 0 0 0 0 0 0 0 127 2192 -2 455 -5 1 13 706 6 1 18 863 1 1 
76255.8 76 74 69 69 66 64 63 60 55 55 54 0 0 0 0 0 0 0 0 0 0 0 160 2229 -5 451 -4 1 11 701 2 1 17 894 1 1 
76261.9 76 74 70 69 65 63 63 59 56 56 50 0 0 0 0 0 0 0 0 0 0 0 160 2227 -5 452 -1 1 8 710 1 1 16 891 0 1 
76266.2 76 74 70 69 65 64 63 60 56 56 50 0 0 0 0 0 0 0 0 0 0 0 160 2227 -5 451 -1 1 8 711 2 1 16 891 1 1 
76266.2 76 74 70 69 65 64 63 60 56 56 50 0 0 0 0 0 0 0 0 0 0 0 160 2227 -5 451 -1 1 8 711 2 1 16 891 1 1 
76266.2 76 74 70 69 65 64 63 60 56 56 50 0 0 0 0 0 0 0 0 0 0 0 160 2227 -5 451 -1 1 8 711 2 1 16 891 1 1 
76255.7 76 76 70 68 65 64 63 57 56 55 50 0 0 0 0 0 0 0 0 0 0 0 160 2230 -7 448 -4 1 5 713 -2 1 16 929 -2 1 
76266.2 76 74 70 69 65 64 63 60 56 56 50 0 0 0 0 0 0 0 0 0 0 0 160 2227 -5 451 -1 1 8 711 2 1 16 891 1 1 
160268 83 74 66 66 65 65 63 60 57 54 51 0 0 0 0 0 0 0 0 0 0 0 80 2342 -2 454 0 1 9 721 42 1 12 885 12 1 
76255.7 76 76 70 68 65 64 63 57 56 55 50 0 0 0 0 0 0 0 0 0 0 0 160 2230 -7 448 -4 1 5 713 -2 1 16 929 -2 1 
76329.1 76 74 70 70 65 64 63 60 56 56 50 0 0 0 0 0 0 0 0 0 0 0 160 2231 -6 444 1 1 5 712 -1 1 16 954 -5 1 
76255.8 76 74 69 69 66 64 63 60 55 55 54 0 0 0 0 0 0 0 0 0 0 0 160 2229 -5 451 -4 1 11 701 2 1 17 894 1 1 
76266.2 76 74 70 69 65 64 63 60 56 56 50 0 0 0 0 0 0 0 0 0 0 0 160 2227 -5 451 -1 1 8 711 2 1 16 891 1 1 
81613.8 87 72 70 67 67 63 61 60 57 55 51 0 0 0 0 0 0 0 0 0 0 0 129 2040 -3 421 -16 1 8 760 -8 1 30 1139 2 1 
76266.2 76 74 70 69 65 64 63 60 56 56 50 0 0 0 0 0 0 0 0 0 0 0 160 2227 -5 451 -1 1 8 711 2 1 16 891 1 1 
76261.9 76 74 70 69 65 63 63 59 56 56 50 0 0 0 0 0 0 0 0 0 0 0 160 2227 -5 452 -1 1 8 710 1 1 16 891 0 1 
77214 76 73 73 69 65 64 64 60 56 56 54 0 0 0 0 0 0 0 0 0 0 0 154 2252 -6 379 -1 1 7 711 2 1 16 936 1 1 
76255.7 76 76 70 68 65 64 63 57 56 55 50 0 0 0 0 0 0 0 0 0 0 0 160 2230 -7 448 -4 1 5 713 -2 1 16 929 -2 1 
79674.5 76 74 73 71 67 63 63 60 56 55 50 0 0 0 0 0 0 0 0 0 0 0 130 2271 -6 448 -0 1 9 684 2 1 15 874 -1 1 
76255.8 76 74 69 69 66 64 63 60 55 55 54 0 0 0 0 0 0 0 0 0 0 0 160 2229 -5 451 -4 1 11 701 2 1 17 894 1 1 
76266.2 76 74 70 69 65 64 63 60 56 56 50 0 0 0 0 0 0 0 0 0 0 0 160 2227 -5 451 -1 1 8 711 2 1 16 891 1 1 
76288.1 76 74 70 69 64 64 62 60 56 56 55 0 0 0 0 0 0 0 0 0 0 0 160 2246 -4 452 1 1 11 672 3 1 18 860 0 1 
77346.2 75 71 71 71 65 63 63 59 56 55 53 0 0 0 0 0 0 0 0 0 0 0 155 2189 -12 360 2 1 -0 671 13 1 8 1006 12 1 
76266.2 76 74 70 69 65 64 63 60 56 56 50 0 0 0 0 0 0 0 0 0 0 0 160 2227 -5 451 -1 1 8 711 2 1 16 891 1 1 
91970.6 76 74 69 67 65 64 63 62 57 56 53 0 0 0 0 0 0 0 0 0 0 0 103 2242 -5 459 -1 1 6 662 1 1 15 838 3 1 
76261.9 76 74 70 69 65 63 63 59 56 56 50 0 0 0 0 0 0 0 0 0 0 0 160 2227 -5 452 -1 1 8 710 1 1 16 891 0 1 
76255.7 76 76 70 68 65 64 63 57 56 55 50 0 0 0 0 0 0 0 0 0 0 0 160 2230 -7 448 -4 1 5 713 -2 1 16 929 -2 1 
78490.8 77 74 71 69 65 64 61 60 58 56 54 0 0 0 0 0 0 0 0 0 0 0 136 2227 -5 450 -2 1 9 701 3 1 17 890 6 1 
76255.8 76 74 69 69 66 64 63 60 55 55 54 0 0 0 0 0 0 0 0 0 0 0 160 2229 -5 451 -4 1 11 701 2 1 17 894 1 1 
76266.2 76 74 70 69 65 64 63 60 56 56 50 0 0 0 0 0 0 0 0 0 0 0 160 2227 -5 451 -1 1 8 711 2 1 16 891 1 1 
76536.7 77 73 70 68 65 64 64 60 58 57 50 0 0 0 0 0 0 0 0 0 0 0 155 2235 -5 457 -1 1 4 738 2 1 16 1007 1 1 
76261.9 76 74 70 69 65 63 63 59 56 56 50 0 0 0 0 0 0 0 0 0 0 0 160 2227 -5 452 -1 1 8 710 1 1 16 891 0 1 
77929.6 76 76 70 70 65 64 64 59 58 56 55 0 0 0 0 0 0 0 0 0 0 0 145 2224 -3 467 15 1 7 634 39 1 17 986 2 1 
76266.2 76 74 70 69 65 64 63 60 56 56 50 0 0 0 0 0 0 0 0 0 0 0 160 2227 -5 451 -1 1 8 711 2 1 16 891 1 1 
76255.7 76 76 70 68 65 64 63 57 56 55 50 0 0 0 0 0 0 0 0 0 0 0 160 2230 -7 448 -4 1 5 713 -2 1 16 929 -2 1 
76255.8 76 74 69 69 66 64 63 60 55 55 54 0 0 0 0 0 0 0 0 0 0 0 160 2229 -5 451 -4 1 11 701 2 1 17 894 1 1 
76266.2 76 74 70 69 65 64 63 60 56 56 50 0 0 0 0 0 0 0 0 0 0 0 160 2227 -5 451 -1 1 8 711 2 1 16 891 1 1 
76266.2 76 74 70 69 65 64 63 60 56 56 50 0 0 0 0 0 0 0 0 0 0 0 160 2227 -5 451 -1 1 8 711 2 1 16 891 1 1 
76261.9 76 74 70 69 65 63 63 59 56 56 50 0 0 0 0 0 0 0 0 0 0 0 160 2227 -5 452 -1 1 8 710 1 1 16 891 0 1 
111745 79 74 69 69 68 66 65 63 57 53 51 0 0 0 0 0 0 0 0 0 0 0 90 2229 -8 453 -27 1 12 699 4 1 13 871 -0 1 
76255.7 76 76 70 68 65 64 63 57 56 55 50 0 0 0 0 0 0 0 0 0 0 0 160 2230 -7 448 -4 1 5 713 -2 1 16 929 -2 1 
76255.8 76 74 69 69 66 64 63 60 55 55 54 0 0 0 0 0 0 0 0 0 0 0 160 2229 -5 451 -4 1 11 701 2 1 17 894 1 1 
76266.2 76 74 70 69 65 64 63 60 56 56 50 0 0 0 0 0 0 0 0 0 0 0 160 2227 -5 451 -1 1 8 711 2 1 16 891 1 1 
202988 76 75 71 71 65 64 63 62 56 52 51 0 0 0 0 0 0 0 0 0 0 0 79 2227 -5 452 -1 1 6 709 -11 1 17 854 -4 1 
79520.4 76 75 70 69 65 64 62 59 57 56 53 0 0 0 0 0 0 0 0 0 0 0 139 2219 -3 378 17 1 8 711 28 1 16 990 0 1 
76261.9 76 74 70 69 65 63 63 59 56 56 50 0 0 0 0 0 0 0 0 0 0 0 160 2227 -5 452 -1 1 8 710 1 1 16 891 0 1 
76266.2 76 74 70 69 65 64 63 60 56 56 50 0 0 0 0 0 0 0 0 0 0 0 160 2227 -5 451 -1 1 8 711 2 1 16 891 1 1 
76265.3 76 75 70 70 65 65 63 57 56 54 50 0 0 0 0 0 0 0 0 0 0 0 160 2228 -5 453 -3 1 8 711 4 1 16 928 -2 1 
80684.1 76 74 69 69 66 64 61 58 57 55 53 0 0 0 0 0 0 0 0 0 0 0 127 2228 -5 437 -4 1 12 701 3 1 15 878 2 1 
76255.7 76 76 70 68 65 64 63 57 56 55 50 0 0 0 0 0 0 0 0 0 0 0 160 2230 -7 448 -4 1 5 713 -2 1 16 929 -2 1 
76261.9 76 74 70 69 65 63 63 59 56 56 50 0 0 0 0 0 0 0 0 0 0 0 160 2227 -5 452 -1 1 8 710 1 1 16 891 0 1 
76266.2 76 74 70 69 65 64 63 60 56 56 50 0 0 0 0 0 0 0 0 0 0 0 160 2227 -5 451 -1 1 8 711 2 1 16 891 1 1 
76265.3 76 75 70 70 65 65 63 57 56 54 50 0 0 0 0 0 0 0 0 0 0 0 160 2228 -5 453 -3 1 8 711 4 1 16 928 -2 1 
82272.3 76 76 71 69 64 64 62 59 56 56 53 0 0 0 0 0 0 0 0 0 0 0 122 2215 -5 464 0 1 12 688 13 1 12 1003 -2 1 
76255.8 76 74 69 69 66 64 63 60 55 55 54 0 0 0 0 0 0 0 0 0 0 0 160 2229 -5 451 -4 1 11 701 2 1 17 894 1 1 
79547.1 76 74 70 69 65 64 63 59 55 55 53 0 0 0 0 0 0 0 0 0 0 0 136 2219 -4 430 15 1 3 699 22 1 17 902 1 1 
76266.2 76 74 70 69 65 64 63 60 56 56 50 0 0 0 0 0 0 0 0 0 0 0 160 2227 -5 451 -1 1 8 711 2 1 16 891 1 1 
242780 76 75 70 68 66 64 64 57 56 56 50 0 0 0 0 0 0 0 0 0 0 0 75 2229 -8 301 -5 1 -5 723 -1 1 17 927 -1 1 
76255.7 76 76 70 68 65 64 63 57 56 55 50 0 0 0 0 0 0 0 0 0 0 0 160 2230 -7 448 -4 1 5 713 -2 1 16 929 -2 1 
76255.8 76 74 69 69 66 64 63 60 55 55 54 0 0 0 0 0 0 0 0 0 0 0 160 2229 -5 451 -4 1 11 701 2 1 17 894 1 1 
76266.2 76 74 70 69 65 64 63 60 56 56 50 0 0 0 0 0 0 0 0 0 0 0 160 2227 -5 451 -1 1 8 711 2 1 16 891 1 1 
79781.2 76 76 70 70 66 64 64 56 56 56 51 0 0 0 0 0 0 0 0 0 0 0 130 2210 -9 459 -9 1 9 708 12 1 17 952 -3 1 
76261.9 76 74 70 69 65 63 63 59 56 56 50 0 0 0 0 0 0 0 0 0 0 0 160 2227 -5 452 -1 1 8 710 1 1 16 891 0 1 
76265.3 76 75 70 70 65 65 63 57 56 54 50 0 0 0 0 0 0 0 0 0 0 0 160 2228 -5 453 -3 1 8 711 4 1 16 928 -2 1 
76255.7 76 76 70 68 65 64 63 57 56 55 50 0 0 0 0 0 0 0 0 0 0 0 160 2230 -7 448 -4 1 5 713 -2 1 16 929 -2 1 
79419.5 76 71 70 68 65 64 64 60 59 57 50 0 0 0 0 0 0 0 0 0 0 0 137 2226 -11 331 -7 1 7 734 14 1 16 909 3 1 
76255.8 76 74 69 69 66 64 63 60 55 55 54 0 0 0 0 0 0 0 0 0 0 0 160 2229 -5 451 -4 1 11 701 2 1 17 894 1 1 
76266.2 76 74 70 69 65 64 63 60 56 56 50 0 0 0 0 0 0 0 0 0 0 0 160 2227 -5 451 -1 1 8 711 2 1 16 891 1 1 
82628.8 76 76 69 69 66 63 63 60 56 55 55 0 0 0 0 0 0 0 0 0 0 0 121 2227 -5 433 -1 1 8 710 1 1 15 892 0 1 
76270.5 76 76 70 68 66 64 63 60 55 55 51 0 0 0 0 0 0 0 0 0 0 0 160 2231 -6 449 -4 1 3 714 -3 1 16 919 -4 1 
76265.3 76 75 70 70 65 65 63 57 56 54 50 0 0 0 0 0 0 0 0 0 0 0 160 2228 -5 453 -3 1 8 711 4 1 16 928 -2 1 
76261.9 76 74 70 69 65 63 63 59 56 56 50 0 0 0 0 0 0 0 0 0 0 0 160 2227 -5 452 -1 1 8 710 1 1 16 891 0 1 
76255.7 76 76 70 68 65 64 63 57 56 55 50 0 0 0 0 0 0 0 0 0 0 0 160 2230 -7 448 -4 1 5 713 -2 1 16 929 -2 1 
76255.8 76 74 69 69 66 64 63 60 55 55 54 0 0 0 0 0 0 0 0 0 0 0 160 2229 -5 451 -4 1 11 701 2 1 17 894 1 1 
76266.2 76 74 70 69 65 64 63 60 56 56 50 0 0 0 0 0 0 0 0 0 0 0 160 2227 -5 451 -1 1 8 711 2 1 16 891 1 1 
76265.3 76 75 70 70 65 65 63 57 56 54 50 0 0 0 0 0 0 0 0 0 0 0 160 2228 -5 453 -3 1 8 711 4 1 16 928 -2 1 
76261.9 76 74 70 69 65 63 63 59 56 56 50 0 0 0 0 0 0 0 0 0 0 0 160 2227 -5 452 -1 1 8 710 1 1 16 891 0 1 
77213.8 76 76 69 69 66 63 63 60 56 55 53 0 0 0 0 0 0 0 0 0 0 0 147 2225 -5 444 -0 1 11 711 1 1 18 894 2 1 
76264.1 76 76 70 70 65 64 62 57 56 54 50 0 0 0 0 0 0 0 0 0 0 0 160 2231 -5 449 -4 1 7 715 -1 1 16 928 -2 1 
76255.7 76 76 70 68 65 64 63 57 56 55 50 0 0 0 0 0 0 0 0 0 0 0 160 2230 -7 448 -4 1 5 713 -2 1 16 929 -2 1 
76255.8 76 74 69 69 66 64 63 60 55 55 54 0 0 0 0 0 0 0 0 0 0 0 160 2229 -5 451 -4 1 11 701 2 1 17 894 1 1 
76265.3 76 75 70 70 65 65 63 57 56 54 50 0 0 0 0 0 0 0 0 0 0 0 160 2228 -5 453 -3 1 8 711 4 1 16 928 -2 1 
101191 76 76 71 69 66 64 62 60 56 53 53 0 0 0 0 0 0 0 0 0 0 0 95 2222 -5 454 -3 1 9 713 12 1 15 928 -1 1 
76261.9 76 74 70 69 65 63 63 59 56 56 50 0 0 0 0 0 0 0 0 0 0 0 160 2227 -5 452 -1 1 8 710 1 1 16 891 0 1 
76264.1 76 76 70 70 65 64 62 57 56 54 50 0 0 0 0 0 0 0 0 0 0 0 160 2231 -5 449 -4 1 7 715 -1 1 16 928 -2 1 
85483 81 78 70 69 64 64 63 58 57 55 50 0 0 0 0 0 0 0 0 0 0 0 113 2217 -9 454 -5 1 6 725 2 1 17 917 -3 1 
76255.7 76 76 70 68 65 64 63 57 56 55 50 0 0 0 0 0 0 0 0 0 0 0 160 2230 -7 448 -4 1 5 713 -2 1 16 929 -2 1 
76255.8 76 74 69 69 66 64 63 60 55 55 54 0 0 0 0 0 0 0 0 0 0 0 160 2229 -5 451 -4 1 11 701 2 1 17 894 1 1 
76265.3 76 75 70 70 65 65 63 57 56 54 50 0 0 0 0 0 0 0 0 0 0 0 160 2228 -5 453 -3 1 8 711 4 1 16 928 -2 1 
85413.8 82 79 70 69 64 63 63 57 56 55 50 0 0 0 0 0 0 0 0 0 0 0 113 2223 -8 454 -6 1 5 719 1 1 17 910 -4 1 
76261.9 76 74 70 69 65 63 63 59 56 56 50 0 0 0 0 0 0 0 0 0 0 0 160 2227 -5 452 -1 1 8 710 1 1 16 891 0 1 
76264.1 76 76 70 70 65 64 62 57 56 54 50 0 0 0 0 0 0 0 0 0 0 0 160 2231 -5 449 -4 1 7 715 -1 1 16 928 -2 1 
76255.7 76 76 70 68 65 64 63 57 56 55 50 0 0 0 0 0 0 0 0 0 0 0 160 2230 -7 448 -4 1 5 713 -2 1 16 929 -2 1 
76255.8 76 74 69 69 66 64 63 60 55 55 54 0 0 0 0 0 0 0 0 0 0 0 160 2229 -5 451 -4 1 11 701 2 1 17 894 1 1 
76265.3 76 75 70 70 65 65 63 57 56 54 50 0 0 0 0 0 0 0 0 0 0 0 160 2228 -5 453 -3 1 8 711 4 1 16 928 -2 1 
76264.1 76 76 70 70 65 64 62 57 56 54 50 0 0 0 0 0 0 0 0 0 0 0 160 2231 -5 449 -4 1 7 715 -1 1 16 928 -2 1 
76261.9 76 74 70 69 65 63 63 59 56 56 50 0 0 0 0 0 0 0 0 0 0 0 160 2227 -5 452 -1 1 8 710 1 1 16 891 0 1 
76255.7 76 76 70 68 65 64 63 57 56 55 50 0 0 0 0 0 0 0 0 0 0 0 160 2230 -7 448 -4 1 5 713 -2 1 16 929 -2 1 
76255.8 76 74 69 69 66 64 63 60 55 55 54 0 0 0 0 0 0 0 0 0 0 0 160 2229 -5 451 -4 1 11 701 2 1 17 894 1 1 
76265.3 76 75 70 70 65 65 63 57 56 54 50 0 0 0 0 0 0 0 0 0 0 0 160 2228 -5 453 -3 1 8 711 4 1 16 928 -2 1 
76261.9 76 74 70 69 65 63 63 59 56 56 50 0 0 0 0 0 0 0 0 0 0 0 160 2227 -5 452 -1 1 8 710 1 1 16 891 0 1 
76272.5 77 75 70 68 65 64 63 59 56 55 50 0 0 0 0 0 0 0 0 0 0 0 160 2226 -5 453 -1 1 8 709 0 1 16 890 -1 1 
76264.1 76 76 70 70 65 64 62 57 56 54 50 0 0 0 0 0 0 0 0 0 0 0 160 2231 -5 449 -4 1 7 715 -1 1 16 928 -2 1 
145229 79 72 71 68 65 65 62 60 59 58 55 0 0 0 0 0 0 0 0 0 0 0 83 2242 -15 374 -5 1 8 754 -19 1 12 991 -9 1 
76255.7 76 76 70 68 65 64 63 57 56 55 50 0 0 0 0 0 0 0 0 0 0 0 160 2230 -7 448 -4 1 5 713 -2 1 16 929 -2 1 
76255.8 76 74 69 69 66 64 63 60 55 55 54 0 0 0 0 0 0 0 0 0 0 0 160 2229 -5 451 -4 1 11 701 2 1 17 894 1 1 
76265.3 76 75 70 70 65 65 63 57 56 54 50 0 0 0 0 0 0 0 0 0 0 0 160 2228 -5 453 -3 1 8 711 4 1 16 928 -2 1 
76264.1 76 76 70 70 65 64 62 57 56 54 50 0 0 0 0 0 0 0 0 0 0 0 160 2231 -5 449 -4 1 7 715 -1 1 16 928 -2 1 
76261.9 76 74 70 69 65 63 63 59 56 56 50 0 0 0 0 0 0 0 0 0 0 0 160 2227 -5 452 -1 1 8 710 1 1 16 891 0 1 
76255.7 76 76 70 68 65 64 63 57 56 55 50 0 0 0 0 0 0 0 0 0 0 0 160 2230 -7 448 -4 1 5 713 -2 1 16 929 -2 1 
76255.8 76 74 69 69 66 64 63 60 55 55 54 0 0 0 0 0 0 0 0 0 0 0 160 2229 -5 451 -4 1 11 701 2 1 17 894 1 1 
76265.3 76 75 70 70 65 65 63 57 56 54 50 0 0 0 0 0 0 0 0 0 0 0 160 2228 -5 453 -3 1 8 711 4 1 16 928 -2 1 
76264.1 76 76 70 70 65 64 62 57 56 54 50 0 0 0 0 0 0 0 0 0 0 0 160 2231 -5 449 -4 1 7 715 -1 1 16 928 -2 1 
76261.9 76 74 70 69 65 63 63 59 56 56 50 0 0 0 0 0 0 0 0 0 0 0 160 2227 -5 452 -1 1 8 710 1 1 16 891 0 1 
76255.7 76 76 70 68 65 64 63 57 56 55 50 0 0 0 0 0 0 0 0 0 0 0 160 2230 -7 448 -4 1 5 713 -2 1 16 929 -2 1 
76255.8 76 74 69 69 66 64 63 60 55 55 54 0 0 0 0 0 0 0 0 0 0 0 160 2229 -5 451 -4 1 11 701 2 1 17 894 1 1 
76265.3 76 75 70 70 65 65 63 57 56 54 50 0 0 0 0 0 0 0 0 0 0 0 160 2228 -5 453 -3 1 8 711 4 1 16 928 -2 1 
105588 80 76 73 71 69 65 61 56 55 54 51 0 0 0 0 0 0 0 0 0 0 0 94 2236 -4 413 -3 1 1 623 129 1 7 911 1 1 
76261.9 76 74 70 69 65 63 63 59 56 56 50 0 0 0 0 0 0 0 0 0 0 0 160 2227 -5 452 -1 1 8 710 1 1 16 891 0 1 
76264.1 76 76 70 70 65 64 62 57 56 54 50 0 0 0 0 0 0 0 0 0 0 0 160 2231 -5 449 -4 1 7 715 -1 1 16 928 -2 1 
122770 80 75 73 68 68 64 63 58 57 54 51 0 0 0 0 0 0 0 0 0 0 0 86 2198 -15 294 -4 1 7 757 16 1 16 869 -5 1 
76255.7 76 76 70 68 65 64 63 57 56 55 50 0 0 0 0 0 0 0 0 0 0 0 160 2230 -7 448 -4 1 5 713 -2 1 16 929 -2 1 
76255.8 76 74 69 69 66 64 63 60 55 55 54 0 0 0 0 0 0 0 0 0 0 0 160 2229 -5 451 -4 1 11 701 2 1 17 894 1 1 
76265.3 76 75 70 70 65 65 63 57 56 54 50 0 0 0 0 0 0 0 0 0 0 0 160 2228 -5 453 -3 1 8 711 4 1 16 928 -2 1 
107470 80 76 74 71 68 65 61 56 55 54 51 0 0 0 0 0 0 0 0 0 0 0 93 2234 -4 414 -3 1 0 623 128 1 7 909 0 1 
76261.9 76 74 70 69 65 63 63 59 56 56 50 0 0 0 0 0 0 0 0 0 0 0 160 2227 -5 452 -1 1 8 710 1 1 16 891 0 1 
84893.6 79 75 71 68 65 64 63 59 57 54 52 0 0 0 0 0 0 0 0 0 0 0 117 2187 -16 393 -4 1 8 747 6 1 16 938 -1 1 
76264.1 76 76 70 70 65 64 62 57 56 54 50 0 0 0 0 0 0 0 0 0 0 0 160 2231 -5 449 -4 1 7 715 -1 1 16 928 -2 1 
76266.5 77 75 70 70 64 63 62 60 56 56 50 0 0 0 0 0 0 0 0 0 0 0 160 2227 -4 453 -1 1 8 710 1 1 15 890 -1 1 
76255.7 76 76 70 68 65 64 63 57 56 55 50 0 0 0 0 0 0 0 0 0 0 0 160 2230 -7 448 -4 1 5 713 -2 1 16 929 -2 1 
76255.8 76 74 69 69 66 64 63 60 55 55 54 0 0 0 0 0 0 0 0 0 0 0 160 2229 -5 451 -4 1 11 701 2 1 17 894 1 1 
76265.3 76 75 70 70 65 65 63 57 56 54 50 0 0 0 0 0 0 0 0 0 0 0 160 2228 -5 453 -3 1 8 711 4 1 16 928 -2 1 
85968.3 76 75 70 70 65 64 63 59 58 57 50 0 0 0 0 0 0 0 0 0 0 0 110 2328 -5 451 -1 1 8 697 1 1 16 867 -3 1 
78072.3 79 76 71 70 65 63 63 59 56 55 51 0 0 0 0 0 0 0 0 0 0 0 140 2191 -5 446 -3 1 6 719 5 1 16 986 -1 1 
76261.9 76 74 70 69 65 63 63 59 56 56 50 0 0 0 0 0 0 0 0 0 0 0 160 2227 -5 452 -1 1 8 710 1 1 16 891 0 1 
76264.1 76 76 70 70 65 64 62 57 56 54 50 0 0 0 0 0 0 0 0 0 0 0 160 2231 -5 449 -4 1 7 715 -1 1 16 928 -2 1 
76255.7 76 76 70 68 65 64 63 57 56 55 50 0 0 0 0 0 0 0 0 0 0 0 160 2230 -7 448 -4 1 5 713 -2 1 16 929 -2 1 
76255.8 76 74 69 69 66 64 63 60 55 55 54 0 0 0 0 0 0 0 0 0 0 0 160 2229 -5 451 -4 1 11 701 2 1 17 894 1 1 
76265.3 76 75 70 70 65 65 63 57 56 54 50 0 0 0 0 0 0 0 0 0 0 0 160 2228 -5 453 -3 1 8 711 4 1 16 928 -2 1 
76264.1 76 76 70 70 65 64 62 57 56 54 50 0 0 0 0 0 0 0 0 0 0 0 160 2231 -5 449 -4 1 7 715 -1 1 16 928 -2 1 
76261.9 76 74 70 69 65 63 63 59 56 56 50 0 0 0 0 0 0 0 0 0 0 0 160 2227 -5 452 -1 1 8 710 1 1 16 891 0 1 
76255.7 76 76 70 68 65 64 63 57 56 55 50 0 0 0 0 0 0 0 0 0 0 0 160 2230 -7 448 -4 1 5 713 -2 1 16 929 -2 1 
76255.8 76 74 69 69 66 64 63 60 55 55 54 0 0 0 0 0 0 0 0 0 0 0 160 2229 -5 451 -4 1 11 701 2 1 17 894 1 1 
76265.3 76 75 70 70 65 65 63 57 56 54 50 0 0 0 0 0 0 0 0 0 0 0 160 2228 -5 453 -3 1 8 711 4 1 16 928 -2 1 
76264.1 76 76 70 70 65 64 62 57 56 54 50 0 0 0 0 0 0 0 0 0 0 0 160 2231 -5 449 -4 1 7 715 -1 1 16 928 -2 1 
76261.9 76 74 70 69 65 63 63 59 56 56 50 0 0 0 0 0 0 0 0 0 0 0 160 2227 -5 452 -1 1 8 710 1 1 16 891 0 1 
76255.7 76 76 70 68 65 64 63 57 56 55 50 0 0 0 0 0 0 0 0 0 0 0 160 2230 -7 448 -4 1 5 713 -2 1 16 929 -2 1 
76255.8 76 74 69 69 66 64 63 60 55 55 54 0 0 0 0 0 0 0 0 0 0 0 160 2229 -5 451 -4 1 11 701 2 1 17 894 1 1 
76265.3 76 75 70 70 65 65 63 57 56 54 50 0 0 0 0 0 0 0 0 0 0 0 160 2228 -5 453 -3 1 8 711 4 1 16 928 -2 1 
128298 76 75 70 68 66 63 63 61 56 56 53 0 0 0 0 0 0 0 0 0 0 0 85 2249 -17 456 -3 1 11 706 4 1 17 959 -0 1 
76264.1 76 76 70 70 65 64 62 57 56 54 50 0 0 0 0 0 0 0 0 0 0 0 160 2231 -5 449 -4 1 7 715 -1 1 16 928 -2 1 
76261.9 76 74 70 69 65 63 63 59 56 56 50 0 0 0 0 0 0 0 0 0 0 0 160 2227 -5 452 -1 1 8 710 1 1 16 891 0 1 
76255.7 76 76 70 68 65 64 63 57 56 55 50 0 0 0 0 0 0 0 0 0 0 0 160 2230 -7 448 -4 1 5 713 -2 1 16 929 -2 1 
76255.8 76 74 69 69 66 64 63 60 55 55 54 0 0 0 0 0 0 0 0 0 0 0 160 2229 -5 451 -4 1 11 701 2 1 17 894 1 1 
76265.3 76 75 70 70 65 65 63 57 56 54 50 0 0 0 0 0 0 0 0 0 0 0 160 2228 -5 453 -3 1 8 711 4 1 16 928 -2 1 
76261.9 76 74 70 69 65 63 63 59 56 56 50 0 0 0 0 0 0 0 0 0 0 0 160 2227 -5 452 -1 1 8 710 1 1 16 891 0 1 
76264.1 76 76 70 70 65 64 62 57 56 54 50 0 0 0 0 0 0 0 0 0 0 0 160 2231 -5 449 -4 1 7 715 -1 1 16 928 -2 1 
76255.7 76 76 70 68 65 64 63 57 56 55 50 0 0 0 0 0 0 0 0 0 0 0 160 2230 -7 448 -4 1 5 713 -2 1 16 929 -2 1 
76255.8 76 74 69 69 66 64 63 60 55 55 54 0 0 0 0 0 0 0 0 0 0 0 160 2229 -5 451 -4 1 11 701 2 1 17 894 1 1 
76265.3 76 75 70 70 65 65 63 57 56 54 50 0 0 0 0 0 0 0 0 0 0 0 160 2228 -5 453 -3 1 8 711 4 1 16 928 -2 1 
76264.1 76 76 70 70 65 64 62 57 56 54 50 0 0 0 0 0 0 0 0 0 0 0 160 2231 -5 449 -4 1 7 715 -1 1 16 928 -2 1 
76261.9 76 74 70 69 65 63 63 59 56 56 50 0 0 0 0 0 0 0 0 0 0 0 160 2227 -5 452 -1 1 8 710 1 1 16 891 0 1 
86876.2 77 77 69 67 66 66 62 58 56 55 50 0 0 0 0 0 0 0 0 0 0 0 114 2138 -18 195 -5 1 -2 707 56 1 16 911 0 1 
76255.7 76 76 70 68 65 64 63 57 56 55 50 0 0 0 0 0 0 0 0 0 0 0 160 2230 -7 448 -4 1 5 713 -2 1 16 929 -2 1 
76255.8 76 74 69 69 66 64 63 60 55 55 54 0 0 0 0 0 0 0 0 0 0 0 160 2229 -5 451 -4 1 11 701 2 1 17 894 1 1 
76265.3 76 75 70 70 65 65 63 57 56 54 50 0 0 0 0 0 0 0 0 0 0 0 160 2228 -5 453 -3 1 8 711 4 1 16 928 -2 1 
190813 74 73 70 70 66 63 63 63 56 52 51 0 0 0 0 0 0 0 0 0 0 0 79 2232 -7 436 -3 1 9 738 31 1 4 913 -2 1 
76261.9 76 74 70 69 65 63 63 59 56 56 50 0 0 0 0 0 0 0 0 0 0 0 160 2227 -5 452 -1 1 8 710 1 1 16 891 0 1 
76264.1 76 76 70 70 65 64 62 57 56 54 50 0 0 0 0 0 0 0 0 0 0 0 160 2231 -5 449 -4 1 7 715 -1 1 16 928 -2 1 
76255.7 76 76 70 68 65 64 63 57 56 55 50 0 0 0 0 0 0 0 0 0 0 0 160 2230 -7 448 -4 1 5 713 -2 1 16 929 -2 1 
76275.8 76 73 69 69 66 64 63 60 56 55 53 0 0 0 0 0 0 0 0 0 0 0 160 2229 -5 451 0 1 9 703 2 1 18 917 -1 1 
76255.8 76 74 69 69 66 64 63 60 55 55 54 0 0 0 0 0 0 0 0 0 0 0 160 2229 -5 451 -4 1 11 701 2 1 17 894 1 1 
76265.3 76 75 70 70 65 65 63 57 56 54 50 0 0 0 0 0 0 0 0 0 0 0 160 2228 -5 453 -3 1 8 711 4 1 16 928 -2 1 
76264.1 76 76 70 70 65 64 62 57 56 54 50 0 0 0 0 0 0 0 0 0 0 0 160 2231 -5 449 -4 1 7 715 -1 1 16 928 -2 1 
78568.8 78 75 74 66 65 65 62 60 56 55 50 0 0 0 0 0 0 0 0 0 0 0 141 2230 -20 392 -5 1 7 677 44 1 18 920 -18 1 
76274.4 76 76 70 70 65 65 64 57 56 54 50 0 0 0 0 0 0 0 0 0 0 0 160 2234 -5 453 -4 1 5 715 4 1 16 928 -2 1 
76261.9 76 74 70 69 65 63 63 59 56 56 50 0 0 0 0 0 0 0 0 0 0 0 160 2227 -5 452 -1 1 8 710 1 1 16 891 0 1 
76255.7 76 76 70 68 65 64 63 57 56 55 50 0 0 0 0 0 0 0 0 0 0 0 160 2230 -7 448 -4 1 5 713 -2 1 16 929 -2 1 
76255.8 76 74 69 69 66 64 63 60 55 55 54 0 0 0 0 0 0 0 0 0 0 0 160 2229 -5 451 -4 1 11 701 2 1 17 894 1 1 
76265.3 76 75 70 70 65 65 63 57 56 54 50 0 0 0 0 0 0 0 0 0 0 0 160 2228 -5 453 -3 1 8 711 4 1 16 928 -2 1 
76264.1 76 76 70 70 65 64 62 57 56 54 50 0 0 0 0 0 0 0 0 0 0 0 160 2231 -5 449 -4 1 7 715 -1 1 16 928 -2 1 
76261.9 76 74 70 69 65 63 63 59 56 56 50 0 0 0 0 0 0 0 0 0 0 0 160 2227 -5 452 -1 1 8 710 1 1 16 891 0 1 
76255.7 76 76 70 68 65 64 63 57 56 55 50 0 0 0 0 0 0 0 0 0 0 0 160 2230 -7 448 -4 1 5 713 -2 1 16 929 -2 1 
76255.8 76 74 69 69 66 64 63 60 55 55 54 0 0 0 0 0 0 0 0 0 0 0 160 2229 -5 451 -4 1 11 701 2 1 17 894 1 1 
76265.3 76 75 70 70 65 65 63 57 56 54 50 0 0 0 0 0 0 0 0 0 0 0 160 2228 -5 453 -3 1 8 711 4 1 16 928 -2 1 
76255.8 76 74 69 69 66 64 63 60 55 55 54 0 0 0 0 0 0 0 0 0 0 0 160 2229 -5 451 -4 1 11 701 2 1 17 894 1 1 
76263.3 76 75 70 70 65 65 63 57 56 54 50 0 0 0 0 0 0 0 0 0 0 0 160 2230 -5 449 -3 1 9 713 1 1 16 928 -2 1 
76261.9 76 74 70 69 65 63 63 59 56 56 50 0 0 0 0 0 0 0 0 0 0 0 160 2227 -5 452 -1 1 8 710 1 1 16 891 0 1 
76264.1 76 76 70 70 65 64 62 57 56 54 50 0 0 0 0 0 0 0 0 0 0 0 160 2231 -5 449 -4 1 7 715 -1 1 16 928 -2 1 
76255.7 76 76 70 68 65 64 63 57 56 55 50 0 0 0 0 0 0 0 0 0 0 0 160 2230 -7 448 -4 1 5 713 -2 1 16 929 -2 1 
76255.8 76 74 69 69 66 64 63 60 55 55 54 0 0 0 0 0 0 0 0 0 0 0 160 2229 -5 451 -4 1 11 701 2 1 17 894 1 1 
76263.3 76 75 70 70 65 65 63 57 56 54 50 0 0 0 0 0 0 0 0 0 0 0 160 2230 -5 449 -3 1 9 713 1 1 16 928 -2 1 
76255.8 76 74 69 69 66 64 63 60 55 55 54 0 0 0 0 0 0 0 0 0 0 0 160 2229 -5 451 -4 1 11 701 2 1 17 894 1 1 
76261.9 76 74 70 69 65 63 63 59 56 56 50 0 0 0 0 0 0 0 0 0 0 0 160 2227 -5 452 -1 1 8 710 1 1 16 891 0 1 
76255.7 76 76 70 68 65 64 63 57 56 55 50 0 0 0 0 0 0 0 0 0 0 0 160 2230 -7 448 -4 1 5 713 -2 1 16 929 -2 1 
76255.8 76 74 69 69 66 64 63 60 55 55 54 0 0 0 0 0 0 0 0 0 0 0 160 2229 -5 451 -4 1 11 701 2 1 17 894 1 1 
76263.3 76 75 70 70 65 65 63 57 56 54 50 0 0 0 0 0 0 0 0 0 0 0 160 2230 -5 449 -3 1 9 713 1 1 16 928 -2 1 
76255.8 76 74 69 69 66 64 63 60 55 55 54 0 0 0 0 0 0 0 0 0 0 0 160 2229 -5 451 -4 1 11 701 2 1 17 894 1 1 
76255.8 76 74 69 69 66 64 63 60 55 55 54 0 0 0 0 0 0 0 0 0 0 0 160 2229 -5 451 -4 1 11 701 2 1 17 894 1 1 
76261.9 76 74 70 69 65 63 63 59 56 56 50 0 0 0 0 0 0 0 0 0 0 0 160 2227 -5 452 -1 1 8 710 1 1 16 891 0 1 
76255.7 76 76 70 68 65 64 63 57 56 55 50 0 0 0 0 0 0 0 0 0 0 0 160 2230 -7 448 -4 1 5 713 -2 1 16 929 -2 1 
76255.8 76 74 69 69 66 64 63 60 55 55 54 0 0 0 0 0 0 0 0 0 0 0 160 2229 -5 451 -4 1 11 701 2 1 17 894 1 1 
76261.9 76 74 70 69 65 63 63 59 56 56 50 0 0 0 0 0 0 0 0 0 0 0 160 2227 -5 452 -1 1 8 710 1 1 16 891 0 1 
76255.8 76 74 69 69 66 64 63 60 55 55 54 0 0 0 0 0 0 0 0 0 0 0 160 2229 -5 451 -4 1 11 701 2 1 17 894 1 1 
76255.8 76 74 69 69 66 64 63 60 55 55 54 0 0 0 0 0 0 0 0 0 0 0 160 2229 -5 451 -4 1 11 701 2 1 17 894 1 1 
76255.7 76 76 70 68 65 64 63 57 56 55 50 0 0 0 0 0 0 0 0 0 0 0 160 2230 -7 448 -4 1 5 713 -2 1 16 929 -2 1 
76255.8 76 74 69 69 66 64 63 60 55 55 54 0 0 0 0 0 0 0 0 0 0 0 160 2229 -5 451 -4 1 11 701 2 1 17 894 1 1 
76261.9 76 74 70 69 65 63 63 59 56 56 50 0 0 0 0 0 0 0 0 0 0 0 160 2227 -5 452 -1 1 8 710 1 1 16 891 0 1 
76255.8 76 74 69 69 66 64 63 60 55 55 54 0 0 0 0 0 0 0 0 0 0 0 160 2229 -5 451 -4 1 11 701 2 1 17 894 1 1 
76255.8 76 74 69 69 66 64 63 60 55 55 54 0 0 0 0 0 0 0 0 0 0 0 160 2229 -5 451 -4 1 11 701 2 1 17 894 1 1 
76255.7 76 76 70 68 65 64 63 57 56 55 50 0 0 0 0 0 0 0 0 0 0 0 160 2230 -7 448 -4 1 5 713 -2 1 16 929 -2 1 
76255.8 76 74 69 69 66 64 63 60 55 55 54 0 0 0 0 0 0 0 0 0 0 0 160 2229 -5 451 -4 1 11 701 2 1 17 894 1 1 
76261.9 76 74 70 69 65 63 63 59 56 56 50 0 0 0 0 0 0 0 0 0 0 0 160 2227 -5 452 -1 1 8 710 1 1 16 891 0 1 
76255.8 76 74 69 69 66 64 63 60 55 55 54 0 0 0 0 0 0 0 0 0 0 0 160 2229 -5 451 -4 1 11 701 2 1 17 894 1 1 
76255.8 76 74 69 69 66 64 63 60 55 55 54 0 0 0 0 0 0 0 0 0 0 0 160 2229 -5 451 -4 1 11 701 2 1 17 894 1 1 
76255.7 76 76 70 68 65 64 63 57 56 55 50 0 0 0 0 0 0 0 0 0 0 0 160 2230 -7 448 -4 1 5 713 -2 1 16 929 -2 1 
76255.8 76 74 69 69 66 64 63 60 55 55 54 0 0 0 0 0 0 0 0 0 0 0 160 2229 -5 451 -4 1 11 701 2 1 17 894 1 1 
76261.9 76 74 70 69 65 63 63 59 56 56 50 0 0 0 0 0 0 0 0 0 0 0 160 2227 -5 452 -1 1 8 710 1 1 16 891 0 1 
76255.8 76 74 69 69 66 64 63 60 55 55 54 0 0 0 0 0 0 0 0 0 0 0 160 2229 -5 451 -4 1 11 701 2 1 17 894 1 1 
76255.8 76 74 69 69 66 64 63 60 55 55 54 0 0 0 0 0 0 0 0 0 0 0 160 2229 -5 451 -4 1 11 701 2 1 17 894 1 1 
76255.8 76 74 69 69 66 64 63 60 55 55 54 0 0 0 0 0 0 0 0 0 0 0 160 2229 -5 451 -4 1 11 701 2 1 17 894 1 1 
76255.7 76 76 70 68 65 64 63 57 56 55 50 0 0 0 0 0 0 0 0 0 0 0 160 2230 -7 448 -4 1 5 713 -2 1 16 929 -2 1 
76255.8 76 74 69 69 66 64 63 60 55 55 54 0 0 0 0 0 0 0 0 0 0 0 160 2229 -5 451 -4 1 11 701 2 1 17 894 1 1 
76255.8 76 74 69 69 66 64 63 60 55 55 54 0 0 0 0 0 0 0 0 0 0 0 160 2229 -5 451 -4 1 11 701 2 1 17 894 1 1 
80756.7 76 74 71 69 64 64 64 58 56 56 50 0 0 0 0 0 0 0 0 0 0 0 126 2398 -5 344 -4 1 5 704 21 1 16 853 0 1 
76283.1 78 74 70 69 66 62 61 60 56 55 53 0 0 0 0 0 0 0 0 0 0 0 160 2229 -7 451 0 1 13 707 1 1 17 895 0 1 
76255.8 76 74 69 69 66 64 63 60 55 55 54 0 0 0 0 0 0 0 0 0 0 0 160 2229 -5 451 -4 1 11 701 2 1 17 894 1 1 
76255.8 76 74 69 69 66 64 63 60 55 55 54 0 0 0 0 0 0 0 0 0 0 0 160 2229 -5 451 -4 1 11 701 2 1 17 894 1 1 
76255.7 76 76 70 68 65 64 63 57 56 55 50 0 0 0 0 0 0 0 0 0 0 0 160 2230 -7 448 -4 1 5 713 -2 1 16 929 -2 1 
76255.8 76 74 69 69 66 64 63 60 55 55 54 0 0 0 0 0 0 0 0 0 0 0 160 2229 -5 451 -4 1 11 701 2 1 17 894 1 1 
76255.8 76 74 69 69 66 64 63 60 55 55 54 0 0 0 0 0 0 0 0 0 0 0 160 2229 -5 451 -4 1 11 701 2 1 17 894 1 1 
76255.8 76 74 69 69 66 64 63 60 55 55 54 0 0 0 0 0 0 0 0 0 0 0 160 2229 -5 451 -4 1 11 701 2 1 17 894 1 1 
76255.8 76 74 69 69 66 64 63 60 55 55 54 0 0 0 0 0 0 0 0 0 0 0 160 2229 -5 451 -4 1 11 701 2 1 17 894 1 1 
76258 76 74 70 69 65 64 63 59 55 54 54 0 0 0 0 0 0 0 0 0 0 0 160 2228 -4 451 -3 1 11 701 1 1 17 895 1 1 
76255.7 76 76 70 68 65 64 63 57 56 55 50 0 0 0 0 0 0 0 0 0 0 0 160 2230 -7 448 -4 1 5 713 -2 1 16 929 -2 1 
76255.8 76 74 69 69 66 64 63 60 55 55 54 0 0 0 0 0 0 0 0 0 0 0 160 2229 -5 451 -4 1 11 701 2 1 17 894 1 1 
76255.8 76 74 69 69 66 64 63 60 55 55 54 0 0 0 0 0 0 0 0 0 0 0 160 2229 -5 451 -4 1 11 701 2 1 17 894 1 1 
82338 76 75 72 71 64 64 62 61 61 54 53 0 0 0 0 0 0 0 0 0 0 0 120 2257 -12 447 -3 1 4 685 -10 1 12 880 -9 1 
76255.8 76 74 69 69 66 64 63 60 55 55 54 0 0 0 0 0 0 0 0 0 0 0 160 2229 -5 451 -4 1 11 701 2 1 17 894 1 1 
76255.8 76 74 69 69 66 64 63 60 55 55 54 0 0 0 0 0 0 0 0 0 0 0 160 2229 -5 451 -4 1 11 701 2 1 17 894 1 1 
76255.7 76 76 70 68 65 64 63 57 56 55 50 0 0 0 0 0 0 0 0 0 0 0 160 2230 -7 448 -4 1 5 713 -2 1 16 929 -2 1 
76255.8 76 74 69 69 66 64 63 60 55 55 54 0 0 0 0 0 0 0 0 0 0 0 160 2229 -5 451 -4 1 11 701 2 1 17 894 1 1 
76255.8 76 74 69 69 66 64 63 60 55 55 54 0 0 0 0 0 0 0 0 0 0 0 160 2229 -5 451 -4 1 11 701 2 1 17 894 1 1 
81665.4 78 74 69 69 66 64 63 60 56 54 53 0 0 0 0 0 0 0 0 0 0 0 125 2231 -2 427 -8 1 2 692 -0 1 15 859 1 1 
76255.8 76 74 69 69 66 64 63 60 55 55 54 0 0 0 0 0 0 0 0 0 0 0 160 2229 -5 451 -4 1 11 701 2 1 17 894 1 1 
76255.8 76 74 69 69 66 64 63 60 55 55 54 0 0 0 0 0 0 0 0 0 0 0 160 2229 -5 451 -4 1 11 701 2 1 17 894 1 1 
76255.7 76 76 70 68 65 64 63 57 56 55 50 0 0 0 0 0 0 0 0 0 0 0 160 2230 -7 448 -4 1 5 713 -2 1 16 929 -2 1 
76255.8 76 74 69 69 66 64 63 60 55 55 54 0 0 0 0 0 0 0 0 0 0 0 160 2229 -5 451 -4 1 11 701 2 1 17 894 1 1 
76255.8 76 74 69 69 66 64 63 60 55 55 54 0 0 0 0 0 0 0 0 0 0 0 160 2229 -5 451 -4 1 11 701 2 1 17 894 1 1 
76255.8 76 74 69 69 66 64 63 60 55 55 54 0 0 0 0 0 0 0 0 0 0 0 160 2229 -5 451 -4 1 11 701 2 1 17 894 1 1 
76255.8 76 74 69 69 66 64 63 60 55 55 54 0 0 0 0 0 0 0 0 0 0 0 160 2229 -5 451 -4 1 11 701 2 1 17 894 1 1 
76255.8 76 74 69 69 66 64 63 60 55 55 54 0 0 0 0 0 0 0 0 0 0 0 160 2229 -5 451 -4 1 11 701 2 1 17 894 1 1 
76255.7 76 76 70 68 65 64 63 57 56 55 50 0 0 0 0 0 0 0 0 0 0 0 160 2230 -7 448 -4 1 5 713 -2 1 16 929 -2 1 
76255.8 76 74 69 69 66 64 63 60 55 55 54 0 0 0 0 0 0 0 0 0 0 0 160 2229 -5 451 -4 1 11 701 2 1 17 894 1 1 
76255.8 76 74 69 69 66 64 63 60 55 55 54 0 0 0 0 0 0 0 0 0 0 0 160 2229 -5 451 -4 1 11 701 2 1 17 894 1 1 
76255.8 76 74 69 69 66 64 63 60 55 55 54 0 0 0 0 0 0 0 0 0 0 0 160 2229 -5 451 -4 1 11 701 2 1 17 894 1 1 
76265.5 76 75 69 69 66 63 63 60 54 54 53 0 0 0 0 0 0 0 0 0 0 0 160 2232 -6 451 -3 1 11 698 1 1 16 898 1 1 
76255.8 76 74 69 69 66 64 63 60 55 55 54 0 0 0 0 0 0 0 0 0 0 0 160 2229 -5 451 -4 1 11 701 2 1 17 894 1 1 
76255.8 76 74 69 69 66 64 63 60 55 55 54 0 0 0 0 0 0 0 0 0 0 0 160 2229 -5 451 -4 1 11 701 2 1 17 894 1 1 
76255.7 76 76 70 68 65 64 63 57 56 55 50 0 0 0 0 0 0 0 0 0 0 0 160 2230 -7 448 -4 1 5 713 -2 1 16 929 -2 1 
76255.8 76 74 69 69 66 64 63 60 55 55 54 0 0 0 0 0 0 0 0 0 0 0 160 2229 -5 451 -4 1 11 701 2 1 17 894 1 1 
76255.8 76 74 69 69 66 64 63 60 55 55 54 0 0 0 0 0 0 0 0 0 0 0 160 2229 -5 451 -4 1 11 701 2 1 17 894 1 1 
76255.8 76 74 69 69 66 64 63 60 55 55 54 0 0 0 0 0 0 0 0 0 0 0 160 2229 -5 451 -4 1 11 701 2 1 17 894 1 1 
76255.8 76 74 69 69 66 64 63 60 55 55 54 0 0 0 0 0 0 0 0 0 0 0 160 2229 -5 451 -4 1 11 701 2 1 17 894 1 1 
76255.7 76 76 70 68 65 64 63 57 56 55 50 0 0 0 0 0 0 0 0 0 0 0 160 2230 -7 448 -4 1 5 713 -2 1 16 929 -2 1 
